1, 0.0, 0.0, 0, 0, 835.042
2, 0.0, 0.0, 0, 0, 835.042
3, 0.0, 0.0, 0, 0, 835.042
4, 0.0, 0.0, 0, 0, 835.042
5, 0.0, 0.0, 0, 0, 835.042
6, 0.0, 0.0, 0, 0, 835.042
7, 0.0, 0.0, 0, 0, 835.042
8, 0.0, 0.0, 0, 0, 835.042
9, 0.0, 0.0, 0, 0, 835.042
10, 0.0, 0.0, 0, 0, 835.042
11, 0.0, 0.0, 0, 0, 835.042
12, 0.0, 0.0, 0, 0, 835.042
13, 0.0, 0.0, 0, 0, 835.042
14, 0.0, 0.0, 0, 0, 835.042
15, 0.0, 0.0, 0, 0, 835.042
16, 0.0, 0.0, 0, 0, 835.042
17, 0.0, 0.0, 0, 0, 835.042
18, 0.0, 0.0, 0, 0, 835.042
19, 0.0, 0.0, 0, 0, 835.042
20, 0.0, 0.0, 0, 0, 835.042
21, 0.0, 0.0, 0, 0, 835.042
22, 0.0, 0.0, 0, 0, 835.042
23, 0.0, 0.0, 0, 0, 835.042
24, 0.0, 0.0, 0, 0, 835.042
25, 0.0, 0.0, 0, 0, 835.042
26, 0.0, 0.0, 0, 0, 835.042
27, 0.0, 0.0, 0, 0, 835.042
28, 0.0, 0.0, 0, 0, 835.042
29, 0.0, 0.0, 0, 0, 835.042
30, 0.0, 0.0, 0, 0, 835.042
31, 0.0, 0.0, 0, 0, 835.042
32, 0.0, 0.0, 0, 0, 835.042
33, 0.0, 0.0, 0, 0, 835.042
34, 0.0, 0.0, 0, 0, 835.042
35, 0.0, 0.0, 0, 0, 835.042
36, 0.0, 0.0, 0, 0, 835.042
37, 0.0, 0.0, 0, 0, 835.042
38, 0.0, 0.0, 0, 0, 835.042
39, 0.0, 0.0, 0, 0, 835.042
40, 0.0, 0.0, 0, 0, 835.042
41, 0.0, 0.0, 0, 0, 835.042
42, 0.0, 0.0, 0, 0, 835.042
43, 0.0, 0.0, 0, 0, 835.042
44, 0.0, 0.0, 0, 0, 835.042
45, 0.0, 0.0, 0, 0, 835.042
46, 0.0, 0.0, 0, 0, 835.042
47, 0.01, 0.0, 0, 0, 835.042
48, 0.01, 2.0, 0, -2, 835.042
49, 0.01, 4.0, -1, -1, 835.042
50, 0.02, 5.0, 0, -1, 835.042
51, 0.029, 6.0, 0, -2, 835.042
52, 0.029, 8.414, 1, -2, 835.042
53, 0.039, 8.414, 1, -2, 835.042
54, 0.049, 9.828, 1, -2, 835.042
55, 0.059, 9.828, 1, -2, 835.042
56, 0.069, 11.828, 1, -4, 835.042
57, 0.069, 11.657, 1, -3, 835.042
58, 0.078, 12.657, 1, -4, 835.042
59, 0.088, 14.301, 3, -4, 835.042
60, 0.098, 14.301, 3, -4, 835.042
61, 0.098, 16.122, 4, -3, 835.042
62, 0.108, 15.301, 3, -3, 835.042
63, 0.108, 15.301, 3, -3, 835.042
64, 0.108, 16.122, 4, -3, 835.042
65, 0.118, 16.122, 4, -3, 835.042
66, 0.118, 17.122, 4, -4, 835.042
67, 0.128, 16.944, 3, -3, 835.042
68, 0.137, 18.944, 2, -4, 835.042
69, 0.137, 18.944, 2, -4, 835.042
70, 0.147, 18.944, 2, -4, 835.042
71, 0.147, 18.944, 2, -4, 835.042
72, 0.157, 18.944, 2, -4, 835.042
73, 0.157, 18.944, 2, -4, 835.042
74, 0.157, 18.944, 2, -4, 835.042
75, 0.167, 18.944, 2, -4, 835.042
76, 0.167, 18.944, 2, -4, 835.042
77, 0.167, 18.944, 2, -4, 835.042
78, 0.177, 18.944, 2, -4, 835.042
79, 0.177, 18.944, 2, -4, 835.042
80, 0.177, 18.944, 2, -4, 835.042
81, 0.177, 18.944, 2, -4, 835.042
82, 0.177, 18.944, 2, -4, 835.042
83, 0.186, 18.944, 2, -4, 835.042
84, 0.186, 18.944, 2, -4, 835.042
85, 0.186, 18.944, 2, -4, 835.042
86, 0.186, 18.944, 2, -4, 835.042
87, 0.186, 18.944, 2, -4, 835.042
88, 0.186, 18.944, 2, -4, 835.042
89, 0.186, 18.944, 2, -4, 835.042
90, 0.186, 18.944, 2, -4, 835.042
91, 0.186, 18.944, 2, -4, 835.042
92, 0.186, 18.944, 2, -4, 835.042
93, 0.186, 18.944, 2, -4, 835.042
94, 0.186, 18.944, 2, -4, 835.042
95, 0.186, 18.944, 2, -4, 835.042
96, 0.186, 18.944, 2, -4, 835.042
97, 0.196, 18.944, 2, -4, 835.042
98, 0.196, 18.944, 2, -4, 835.042
99, 0.196, 18.944, 2, -4, 835.042
100, 0.196, 18.944, 2, -4, 835.042
101, 0.196, 18.944, 2, -4, 835.042
102, 0.196, 18.944, 2, -4, 835.042
103, 0.196, 18.944, 2, -4, 835.042
104, 0.196, 18.944, 2, -4, 835.042
105, 0.196, 18.944, 2, -4, 835.042
106, 0.196, 18.944, 2, -4, 835.042
107, 0.196, 18.944, 2, -4, 835.042
108, 0.196, 18.944, 2, -4, 835.042
109, 0.196, 18.944, 2, -4, 835.042
110, 0.196, 18.944, 2, -4, 835.042
111, 0.196, 18.944, 2, -4, 835.042
112, 0.196, 18.944, 2, -4, 835.042
113, 0.196, 18.944, 2, -4, 835.042
114, 0.206, 20.87, 3, -5, 835.042
115, 0.206, 23.414, 4, -4, 835.042
116, 0.216, 23.414, 4, -4, 835.042
117, 0.226, 26.301, 3, -5, 835.042
118, 0.235, 29.078, 2, -5, 835.042
119, 0.245, 29.24, 2, -6, 835.042
120, 0.265, 32.17, 6, -6, 835.042
121, 0.275, 33.396, 5, -7, 835.042
122, 0.284, 33.396, 5, -7, 835.042
123, 0.294, 33.745, 5, -8, 835.042
124, 0.304, 35.343, 4, -7, 835.042
125, 0.314, 35.343, 4, -7, 835.042
126, 0.324, 35.343, 4, -7, 835.042
127, 0.334, 36.1, 3, -7, 835.042
128, 0.343, 40.285, 6, -5, 835.042
129, 0.353, 40.731, 6, -6, 835.042
130, 0.363, 42.114, 5, -7, 835.042
131, 0.373, 43.09, 4, -7, 835.042
132, 0.392, 43.09, 4, -7, 835.042
133, 0.402, 44.017, 4, -8, 835.042
134, 0.412, 44.017, 4, -8, 835.042
135, 0.422, 45.833, 6, -8, 835.042
136, 0.432, 45.833, 6, -8, 835.042
137, 0.441, 45.833, 6, -8, 835.042
138, 0.441, 45.833, 6, -8, 835.042
139, 0.451, 45.833, 6, -8, 835.042
140, 0.451, 46.71, 7, -8, 835.042
141, 0.461, 45.833, 6, -8, 835.042
142, 0.461, 46.741, 6, -9, 835.042
143, 0.471, 46.71, 7, -8, 835.042
144, 0.471, 46.71, 7, -8, 835.042
145, 0.481, 46.71, 7, -8, 835.042
146, 0.481, 46.71, 7, -8, 835.042
147, 0.481, 46.71, 7, -8, 835.042
148, 0.491, 47.618, 7, -9, 835.042
149, 0.491, 46.71, 7, -8, 835.042
150, 0.491, 46.71, 7, -8, 835.042
151, 0.491, 46.71, 7, -8, 835.042
152, 0.491, 47.618, 7, -9, 835.042
153, 0.5, 47.618, 7, -9, 835.042
154, 0.5, 46.71, 7, -8, 835.042
155, 0.5, 46.71, 7, -8, 835.042
156, 0.5, 46.71, 7, -8, 835.042
157, 0.5, 46.71, 7, -8, 835.042
158, 0.5, 46.71, 7, -8, 835.042
159, 0.5, 47.367, 7, -7, 835.042
160, 0.5, 45.784, 7, -7, 835.042
161, 0.5, 47.367, 7, -7, 835.042
162, 0.5, 47.367, 7, -7, 835.042
163, 0.5, 46.71, 7, -8, 835.042
164, 0.5, 47.618, 7, -9, 835.042
165, 0.5, 46.71, 7, -8, 835.042
166, 0.51, 46.71, 7, -8, 835.042
167, 0.51, 46.71, 7, -8, 835.042
168, 0.51, 46.71, 7, -8, 835.042
169, 0.52, 50.021, 6, -7, 835.042
170, 0.53, 50.971, 5, -6, 835.042
171, 0.54, 60.724, 8, -12, 835.042
172, 0.549, 64.422, 9, -17, 835.042
173, 0.569, 64.586, 10, -17, 835.042
174, 0.579, 64.586, 10, -17, 835.042
175, 0.589, 64.586, 10, -17, 835.042
176, 0.598, 67.64, 8, -19, 835.042
177, 0.608, 69.206, 9, -18, 835.042
178, 0.628, 70.206, 9, -17, 835.042
179, 0.638, 73.397, 9, -17, 835.042
180, 0.647, 73.397, 9, -17, 835.042
181, 0.667, 76.222, 10, -20, 835.042
182, 0.677, 76.222, 10, -20, 835.042
183, 0.697, 79.779, 11, -21, 835.042
184, 0.706, 79.779, 11, -21, 835.042
185, 0.716, 79.779, 11, -21, 835.042
186, 0.736, 80.764, 11, -22, 835.042
187, 0.746, 81.122, 12, -20, 835.042
188, 0.755, 82.107, 12, -21, 835.042
189, 0.765, 81.122, 12, -20, 835.042
190, 0.775, 82.777, 11, -21, 835.042
191, 0.785, 83.073, 11, -21, 835.042
192, 0.795, 83.073, 11, -21, 835.042
193, 0.795, 85.271, 11, -20, 835.042
194, 0.804, 85.271, 11, -20, 835.042
195, 0.814, 85.271, 11, -20, 835.042
196, 0.814, 85.901, 10, -20, 835.042
197, 0.824, 85.271, 11, -20, 835.042
198, 0.824, 85.901, 10, -20, 835.042
199, 0.834, 85.901, 10, -20, 835.042
200, 0.834, 85.271, 11, -20, 835.042
201, 0.844, 85.271, 11, -20, 835.042
202, 0.844, 85.901, 10, -20, 835.042
203, 0.844, 85.271, 11, -20, 835.042
204, 0.844, 85.271, 11, -20, 835.042
205, 0.853, 85.901, 10, -20, 835.042
206, 0.853, 85.271, 11, -20, 835.042
207, 0.853, 85.271, 11, -20, 835.042
208, 0.853, 85.271, 11, -20, 835.042
209, 0.853, 85.901, 10, -20, 835.042
210, 0.853, 85.271, 11, -20, 835.042
211, 0.853, 85.271, 11, -20, 835.042
212, 0.863, 85.901, 10, -20, 835.042
213, 0.863, 85.271, 11, -20, 835.042
214, 0.863, 85.271, 11, -20, 835.042
215, 0.863, 85.271, 11, -20, 835.042
216, 0.863, 85.271, 11, -20, 835.042
217, 0.863, 85.271, 11, -20, 835.042
218, 0.863, 86.25, 11, -20, 835.042
219, 0.863, 85.271, 11, -20, 835.042
220, 0.863, 85.901, 10, -20, 835.042
221, 0.863, 85.271, 11, -20, 835.042
222, 0.863, 85.271, 11, -20, 835.042
223, 0.863, 85.271, 11, -20, 835.042
224, 0.863, 85.901, 10, -20, 835.042
225, 0.863, 85.901, 10, -20, 835.042
226, 0.863, 85.271, 11, -20, 835.042
227, 0.863, 85.271, 11, -20, 835.042
228, 0.863, 85.901, 10, -20, 835.042
229, 0.863, 85.271, 11, -20, 835.042
230, 0.873, 86.25, 11, -20, 835.042
231, 0.873, 85.901, 10, -20, 835.042
232, 0.883, 88.472, 12, -21, 835.042
233, 0.893, 90.183, 13, -22, 835.042
234, 0.903, 92.976, 12, -23, 835.042
235, 0.912, 93.616, 11, -23, 835.042
236, 0.932, 98.564, 13, -21, 835.042
237, 0.942, 99.287, 14, -21, 835.042
238, 0.971, 99.979, 14, -22, 835.042
239, 0.981, 99.979, 14, -22, 835.042
240, 0.991, 100.969, 14, -23, 835.042
241, 1.01, 100.969, 14, -23, 835.042
242, 1.02, 102.569, 13, -24, 835.042
243, 1.04, 107.095, 14, -27, 835.042
244, 1.059, 107.095, 14, -27, 835.042
245, 1.079, 109.552, 14, -28, 835.042
246, 1.099, 112.005, 13, -27, 835.042
247, 1.118, 115.16, 15, -27, 835.042
248, 1.138, 116.153, 15, -28, 835.042
249, 1.148, 116.153, 15, -28, 835.042
250, 1.187, 110.787, 14, -28, 835.042
251, 1.216, 107.788, 15, -27, 835.042
252, 1.236, 115.214, 16, -28, 835.042
253, 1.246, 123.519, 15, -31, 835.042
254, 1.265, 123.823, 15, -29, 835.042
255, 1.275, 125.208, 16, -30, 835.042
256, 1.295, 125.864, 17, -29, 835.042
257, 1.305, 126.512, 17, -28, 835.042
258, 1.315, 125.864, 17, -29, 835.042
259, 1.324, 125.864, 17, -29, 835.042
260, 1.334, 125.864, 17, -29, 835.042
261, 1.334, 125.864, 17, -29, 835.042
262, 1.344, 125.864, 17, -29, 835.042
263, 1.354, 125.864, 17, -29, 835.042
264, 1.364, 125.864, 17, -29, 835.042
265, 1.364, 125.864, 17, -29, 835.042
266, 1.373, 125.864, 17, -29, 835.042
267, 1.373, 125.864, 17, -29, 835.042
268, 1.373, 125.864, 17, -29, 835.042
269, 1.383, 126.013, 18, -29, 835.042
270, 1.383, 125.864, 17, -29, 835.042
271, 1.383, 126.013, 18, -29, 835.042
272, 1.383, 126.66, 18, -28, 835.042
273, 1.383, 125.864, 17, -29, 835.042
274, 1.393, 125.864, 17, -29, 835.042
275, 1.393, 126.013, 18, -29, 835.042
276, 1.393, 126.013, 18, -29, 835.042
277, 1.393, 126.66, 18, -28, 835.042
278, 1.393, 126.013, 18, -29, 835.042
279, 1.393, 126.013, 18, -29, 835.042
280, 1.393, 126.013, 18, -29, 835.042
281, 1.403, 126.013, 18, -29, 835.042
282, 1.403, 126.013, 18, -29, 835.042
283, 1.403, 126.013, 18, -29, 835.042
284, 1.403, 126.013, 18, -29, 835.042
285, 1.403, 126.66, 18, -28, 835.042
286, 1.403, 126.66, 18, -28, 835.042
287, 1.403, 126.013, 18, -29, 835.042
288, 1.403, 125.864, 17, -29, 835.042
289, 1.403, 126.013, 18, -29, 835.042
290, 1.403, 126.013, 18, -29, 835.042
291, 1.403, 126.013, 18, -29, 835.042
292, 1.403, 126.977, 19, -29, 835.042
293, 1.403, 126.013, 18, -29, 835.042
294, 1.403, 126.013, 18, -29, 835.042
295, 1.403, 126.013, 18, -29, 835.042
296, 1.403, 126.66, 18, -28, 835.042
297, 1.403, 126.66, 18, -28, 835.042
298, 1.403, 126.013, 18, -29, 835.042
299, 1.403, 126.013, 18, -29, 835.042
300, 1.403, 126.013, 18, -29, 835.042
301, 1.403, 126.013, 18, -29, 835.042
302, 1.403, 126.013, 18, -29, 835.042
303, 1.403, 126.013, 18, -29, 835.042
304, 1.413, 126.013, 18, -29, 835.042
305, 1.413, 127.624, 19, -28, 835.042
306, 1.422, 130.179, 20, -30, 835.042
307, 1.432, 131.597, 20, -30, 835.042
308, 1.452, 133.504, 19, -31, 835.042
309, 1.462, 137.161, 21, -31, 835.042
310, 1.481, 139.481, 21, -32, 835.042
311, 1.491, 140.742, 20, -31, 835.042
312, 1.511, 141.396, 21, -32, 835.042
313, 1.53, 141.396, 21, -32, 835.042
314, 1.57, 144.713, 23, -32, 835.042
315, 1.589, 147.9, 23, -34, 835.042
316, 1.609, 149.876, 23, -34, 835.042
317, 1.628, 152.999, 24, -35, 835.042
318, 1.648, 154.279, 23, -34, 835.042
319, 1.668, 157.603, 24, -35, 835.042
320, 1.687, 156.116, 24, -35, 835.042
321, 1.707, 155.841, 25, -34, 835.042
322, 1.717, 156.833, 25, -35, 835.042
323, 1.736, 157.798, 26, -35, 835.042
324, 1.756, 159.227, 25, -34, 835.042
325, 1.776, 161.888, 26, -35, 835.042
326, 1.795, 162.846, 25, -35, 835.042
327, 1.825, 162.846, 25, -35, 835.042
328, 1.844, 165.855, 28, -36, 835.042
329, 1.854, 167.495, 29, -37, 835.042
330, 1.874, 168.285, 28, -37, 835.042
331, 1.884, 167.378, 28, -36, 835.042
332, 1.903, 168.06, 28, -37, 835.042
333, 1.913, 168.967, 28, -38, 835.042
334, 1.923, 170.098, 29, -39, 835.042
335, 1.942, 168.967, 28, -38, 835.042
336, 1.952, 170.67, 30, -38, 835.042
337, 1.962, 171.662, 30, -39, 835.042
338, 1.972, 170.931, 29, -39, 835.042
339, 1.982, 170.67, 30, -38, 835.042
340, 1.991, 171.662, 30, -39, 835.042
341, 1.991, 172.319, 31, -38, 835.042
342, 2.001, 171.662, 30, -39, 835.042
343, 2.001, 171.662, 30, -39, 835.042
344, 2.011, 172.433, 30, -39, 835.042
345, 2.011, 170.67, 30, -38, 835.042
346, 2.021, 172.319, 31, -38, 835.042
347, 2.021, 172.319, 31, -38, 835.042
348, 2.021, 172.319, 31, -38, 835.042
349, 2.031, 171.332, 31, -37, 835.042
350, 2.031, 171.187, 30, -37, 835.042
351, 2.031, 172.319, 31, -38, 835.042
352, 2.031, 172.319, 31, -38, 835.042
353, 2.04, 171.332, 31, -37, 835.042
354, 2.04, 172.319, 31, -38, 835.042
355, 2.04, 171.332, 31, -37, 835.042
356, 2.04, 172.319, 31, -38, 835.042
357, 2.04, 172.18, 30, -38, 835.042
358, 2.04, 171.332, 31, -37, 835.042
359, 2.04, 172.319, 31, -38, 835.042
360, 2.04, 172.039, 31, -37, 835.042
361, 2.04, 171.332, 31, -37, 835.042
362, 2.04, 171.801, 31, -39, 835.042
363, 2.04, 171.662, 30, -39, 835.042
364, 2.04, 169.308, 30, -39, 835.042
365, 2.04, 164.131, 31, -37, 835.042
366, 2.04, 155.513, 30, -35, 835.042
367, 2.04, 162.453, 32, -36, 835.042
368, 2.04, 167.639, 30, -37, 835.042
369, 2.04, 170.814, 31, -38, 835.042
370, 2.04, 171.801, 31, -39, 835.042
371, 2.04, 172.319, 31, -38, 835.042
372, 2.04, 172.319, 31, -38, 835.042
373, 2.04, 172.319, 31, -38, 835.042
374, 2.04, 171.332, 31, -37, 835.042
375, 2.04, 172.319, 31, -38, 835.042
376, 2.04, 171.332, 31, -37, 835.042
377, 2.04, 172.319, 31, -38, 835.042
378, 2.04, 173.17, 32, -38, 835.042
379, 2.04, 172.319, 31, -38, 835.042
380, 2.04, 170.67, 30, -38, 835.042
381, 2.04, 170.814, 31, -38, 835.042
382, 2.04, 169.19, 32, -37, 835.042
383, 2.04, 160.772, 32, -37, 835.042
384, 2.04, 157.159, 31, -35, 835.042
385, 2.04, 167.362, 31, -38, 835.042
386, 2.04, 170.814, 31, -38, 835.042
387, 2.04, 170.814, 31, -38, 835.042
388, 2.04, 171.332, 31, -37, 835.042
389, 2.04, 172.319, 31, -38, 835.042
390, 2.04, 171.332, 31, -37, 835.042
391, 2.04, 172.039, 31, -37, 835.042
392, 2.04, 172.319, 31, -38, 835.042
393, 2.04, 172.319, 31, -38, 835.042
394, 2.04, 173.617, 33, -38, 835.042
395, 2.04, 173.17, 32, -38, 835.042
396, 2.04, 173.17, 32, -38, 835.042
397, 2.04, 173.17, 32, -38, 835.042
398, 2.04, 172.765, 32, -38, 835.042
399, 2.04, 171.778, 32, -37, 835.042
400, 2.04, 173.17, 32, -38, 835.042
401, 2.04, 173.17, 32, -38, 835.042
402, 2.04, 171.187, 30, -37, 835.042
403, 2.04, 171.801, 31, -39, 835.042
404, 2.04, 167.741, 33, -38, 835.042
405, 2.04, 161.542, 31, -37, 835.042
406, 2.04, 157.977, 31, -35, 835.042
407, 2.04, 168.333, 32, -38, 835.042
408, 2.04, 170.023, 32, -38, 835.042
409, 2.04, 171.08, 32, -37, 835.042
410, 2.04, 173.17, 32, -38, 835.042
411, 2.04, 172.039, 31, -37, 835.042
412, 2.04, 172.183, 32, -37, 835.042
413, 2.04, 173.617, 33, -38, 835.042
414, 2.04, 172.672, 32, -39, 835.042
415, 2.04, 173.17, 32, -38, 835.042
416, 2.04, 173.617, 33, -38, 835.042
417, 2.04, 172.039, 31, -37, 835.042
418, 2.04, 170.67, 30, -38, 835.042
419, 2.04, 169.065, 33, -38, 835.042
420, 2.04, 162.194, 32, -35, 835.042
421, 2.04, 155.513, 30, -35, 835.042
422, 2.04, 165.773, 31, -36, 835.042
423, 2.04, 170.498, 34, -39, 835.042
424, 2.04, 171.08, 32, -37, 835.042
425, 2.04, 172.63, 33, -37, 835.042
426, 2.04, 172.183, 32, -37, 835.042
427, 2.04, 172.183, 32, -37, 835.042
428, 2.04, 172.183, 32, -37, 835.042
429, 2.04, 171.541, 31, -38, 835.042
430, 2.04, 173.617, 33, -38, 835.042
431, 2.04, 172.183, 32, -37, 835.042
432, 2.04, 173.617, 33, -38, 835.042
433, 2.04, 172.765, 32, -38, 835.042
434, 2.04, 173.617, 33, -38, 835.042
435, 2.04, 173.617, 33, -38, 835.042
436, 2.04, 173.617, 33, -38, 835.042
437, 2.04, 173.617, 33, -38, 835.042
438, 2.031, 172.63, 33, -37, 835.042
439, 2.021, 171.332, 31, -37, 835.042
440, 2.011, 170.302, 33, -38, 835.042
441, 1.991, 166.016, 32, -35, 835.042
442, 1.982, 164.527, 31, -34, 835.042
443, 1.962, 161.523, 30, -35, 835.042
444, 1.933, 158.634, 31, -35, 835.042
445, 1.913, 155.441, 30, -34, 835.042
446, 1.884, 151.575, 28, -33, 835.042
447, 1.864, 149.297, 28, -32, 835.042
448, 1.834, 146.651, 26, -33, 835.042
449, 1.815, 141.414, 28, -31, 835.042
450, 1.785, 141.586, 29, -31, 835.042
451, 1.746, 140.338, 26, -31, 835.042
452, 1.727, 140.51, 27, -31, 835.042
453, 1.697, 140.51, 27, -31, 835.042
454, 1.678, 139.53, 27, -30, 835.042
455, 1.658, 135.757, 25, -29, 835.042
456, 1.638, 134.775, 25, -30, 835.042
457, 1.619, 133.91, 24, -30, 835.042
458, 1.599, 133.188, 25, -30, 835.042
459, 1.579, 132.47, 24, -30, 835.042
460, 1.57, 132.47, 24, -30, 835.042
461, 1.55, 131.058, 25, -29, 835.042
462, 1.521, 129.372, 23, -29, 835.042
463, 1.511, 127.264, 24, -29, 835.042
464, 1.501, 128.151, 25, -30, 835.042
465, 1.491, 127.96, 24, -30, 835.042
466, 1.481, 127.96, 24, -30, 835.042
467, 1.472, 127.264, 24, -29, 835.042
468, 1.462, 127.96, 24, -30, 835.042
469, 1.452, 127.96, 24, -30, 835.042
470, 1.452, 127.96, 24, -30, 835.042
471, 1.442, 128.646, 24, -29, 835.042
472, 1.432, 128.646, 24, -29, 835.042
473, 1.432, 127.96, 24, -30, 835.042
474, 1.432, 127.96, 24, -30, 835.042
475, 1.422, 127.96, 24, -30, 835.042
476, 1.413, 128.151, 25, -30, 835.042
477, 1.413, 127.96, 24, -30, 835.042
478, 1.413, 127.96, 24, -30, 835.042
479, 1.413, 127.96, 24, -30, 835.042
480, 1.403, 128.725, 23, -30, 835.042
481, 1.403, 127.96, 24, -30, 835.042
482, 1.403, 127.96, 24, -30, 835.042
483, 1.403, 128.646, 24, -29, 835.042
484, 1.403, 128.646, 24, -29, 835.042
485, 1.403, 128.646, 24, -29, 835.042
486, 1.403, 127.96, 24, -30, 835.042
487, 1.403, 128.725, 23, -30, 835.042
488, 1.393, 127.96, 24, -30, 835.042
489, 1.393, 127.264, 24, -29, 835.042
490, 1.393, 127.96, 24, -30, 835.042
491, 1.393, 128.646, 24, -29, 835.042
492, 1.393, 127.96, 24, -30, 835.042
493, 1.393, 128.725, 23, -30, 835.042
494, 1.393, 128.646, 24, -29, 835.042
495, 1.393, 127.96, 24, -30, 835.042
496, 1.393, 127.96, 24, -30, 835.042
497, 1.393, 127.96, 24, -30, 835.042
498, 1.393, 127.96, 24, -30, 835.042
499, 1.393, 128.646, 24, -29, 835.042
500, 1.383, 128.646, 24, -29, 835.042
501, 1.383, 127.264, 24, -29, 835.042
502, 1.373, 127.264, 24, -29, 835.042
503, 1.354, 125.724, 23, -28, 835.042
504, 1.334, 123.296, 23, -27, 835.042
505, 1.315, 119.898, 22, -27, 835.042
506, 1.295, 112.603, 22, -26, 835.042
507, 1.275, 110.531, 22, -23, 835.042
508, 1.246, 107.46, 21, -24, 835.042
509, 1.226, 102.436, 21, -22, 835.042
510, 1.197, 101.177, 21, -22, 835.042
511, 1.177, 101.177, 21, -22, 835.042
512, 1.158, 94.68, 19, -22, 835.042
513, 1.138, 87.817, 20, -20, 835.042
514, 1.109, 92.997, 19, -23, 835.042
515, 1.069, 92.024, 19, -22, 835.042
516, 1.059, 92.234, 20, -22, 835.042
517, 1.04, 92.234, 20, -22, 835.042
518, 1.02, 92.024, 19, -22, 835.042
519, 1.01, 92.024, 19, -22, 835.042
520, 0.991, 90.707, 19, -21, 835.042
521, 0.981, 89.726, 18, -20, 835.042
522, 0.971, 88.972, 17, -20, 835.042
523, 0.961, 88.972, 17, -20, 835.042
524, 0.952, 89.744, 17, -21, 835.042
525, 0.942, 87.38, 17, -20, 835.042
526, 0.932, 87.38, 17, -20, 835.042
527, 0.922, 86.646, 18, -20, 835.042
528, 0.912, 83.362, 18, -20, 835.042
529, 0.903, 77.148, 19, -19, 835.042
530, 0.903, 75.463, 19, -18, 835.042
531, 0.893, 85.971, 18, -21, 835.042
532, 0.893, 86.646, 18, -20, 835.042
533, 0.893, 87.38, 17, -20, 835.042
534, 0.883, 87.38, 17, -20, 835.042
535, 0.883, 87.38, 17, -20, 835.042
536, 0.883, 87.38, 17, -20, 835.042
537, 0.873, 88.342, 18, -20, 835.042
538, 0.873, 88.342, 18, -20, 835.042
539, 0.873, 87.38, 17, -20, 835.042
540, 0.873, 87.38, 17, -20, 835.042
541, 0.863, 87.38, 17, -20, 835.042
542, 0.863, 87.38, 17, -20, 835.042
543, 0.863, 87.38, 17, -20, 835.042
544, 0.863, 87.38, 17, -20, 835.042
545, 0.863, 87.38, 17, -20, 835.042
546, 0.863, 87.38, 17, -20, 835.042
547, 0.863, 87.38, 17, -20, 835.042
548, 0.863, 87.38, 17, -20, 835.042
549, 0.863, 87.38, 17, -20, 835.042
550, 0.853, 87.38, 17, -20, 835.042
551, 0.853, 87.38, 17, -20, 835.042
552, 0.853, 87.38, 17, -20, 835.042
553, 0.853, 87.38, 17, -20, 835.042
554, 0.853, 87.38, 17, -20, 835.042
555, 0.853, 87.38, 17, -20, 835.042
556, 0.853, 87.38, 17, -20, 835.042
557, 0.844, 87.38, 17, -20, 835.042
558, 0.834, 86.437, 18, -19, 835.042
559, 0.824, 84.603, 18, -17, 835.042
560, 0.814, 79.694, 17, -18, 835.042
561, 0.795, 76.424, 17, -17, 835.042
562, 0.775, 75.685, 18, -17, 835.042
563, 0.765, 73.038, 17, -15, 835.042
564, 0.746, 68.88, 16, -16, 835.042
565, 0.726, 68.461, 17, -15, 835.042
566, 0.716, 66.988, 17, -17, 835.042
567, 0.706, 66.988, 17, -17, 835.042
568, 0.677, 65.747, 16, -16, 835.042
569, 0.667, 64.865, 15, -16, 835.042
570, 0.657, 64.435, 15, -16, 835.042
571, 0.638, 64.137, 14, -16, 835.042
572, 0.628, 58.727, 14, -12, 835.042
573, 0.618, 59.609, 15, -12, 835.042
574, 0.608, 58.727, 14, -12, 835.042
575, 0.598, 51.444, 14, -5, 835.042
576, 0.589, 51.444, 14, -5, 835.042
577, 0.579, 51.444, 14, -5, 835.042
578, 0.569, 51.444, 14, -5, 835.042
579, 0.569, 51.444, 14, -5, 835.042
580, 0.559, 51.444, 14, -5, 835.042
581, 0.549, 51.444, 14, -5, 835.042
582, 0.54, 52.221, 14, -6, 835.042
583, 0.54, 51.444, 14, -5, 835.042
584, 0.53, 51.444, 14, -5, 835.042
585, 0.53, 51.444, 14, -5, 835.042
586, 0.52, 51.444, 14, -5, 835.042
587, 0.52, 51.444, 14, -5, 835.042
588, 0.52, 51.444, 14, -5, 835.042
589, 0.51, 50.536, 14, -4, 835.042
590, 0.51, 51.444, 14, -5, 835.042
591, 0.51, 51.281, 13, -5, 835.042
592, 0.5, 51.444, 14, -5, 835.042
593, 0.5, 51.444, 14, -5, 835.042
594, 0.5, 51.444, 14, -5, 835.042
595, 0.491, 51.444, 14, -5, 835.042
596, 0.491, 51.444, 14, -5, 835.042
597, 0.491, 50.536, 14, -4, 835.042
598, 0.491, 51.444, 14, -5, 835.042
599, 0.491, 51.444, 14, -5, 835.042
600, 0.491, 51.444, 14, -5, 835.042
601, 0.491, 51.444, 14, -5, 835.042
602, 0.491, 51.444, 14, -5, 835.042
603, 0.491, 51.444, 14, -5, 835.042
604, 0.491, 51.444, 14, -5, 835.042
605, 0.481, 51.444, 14, -5, 835.042
606, 0.481, 51.444, 14, -5, 835.042
607, 0.481, 51.444, 14, -5, 835.042
608, 0.481, 51.444, 14, -5, 835.042
609, 0.481, 50.536, 14, -4, 835.042
610, 0.481, 51.444, 14, -5, 835.042
611, 0.481, 50.536, 14, -4, 835.042
612, 0.481, 51.444, 14, -5, 835.042
613, 0.481, 51.444, 14, -5, 835.042
614, 0.481, 51.444, 14, -5, 835.042
615, 0.481, 51.444, 14, -5, 835.042
616, 0.471, 48.709, 13, -5, 835.042
617, 0.471, 46.642, 12, -7, 835.042
618, 0.461, 45.302, 12, -7, 835.042
619, 0.441, 44.545, 13, -7, 835.042
620, 0.432, 42.658, 14, -6, 835.042
621, 0.422, 39.964, 11, -6, 835.042
622, 0.412, 39.518, 11, -5, 835.042
623, 0.402, 38.271, 11, -5, 835.042
624, 0.392, 36.8, 11, -6, 835.042
625, 0.383, 36.8, 11, -6, 835.042
626, 0.373, 34.431, 12, -5, 835.042
627, 0.363, 34.431, 12, -5, 835.042
628, 0.353, 33.431, 13, -5, 835.042
629, 0.353, 33.667, 13, -6, 835.042
630, 0.343, 31.542, 11, -5, 835.042
631, 0.334, 31.778, 11, -6, 835.042
632, 0.324, 31.778, 11, -6, 835.042
633, 0.314, 31.778, 11, -6, 835.042
634, 0.314, 30.72, 11, -4, 835.042
635, 0.304, 29.807, 10, -4, 835.042
636, 0.304, 29.807, 10, -4, 835.042
637, 0.294, 29.807, 10, -4, 835.042
638, 0.284, 29.807, 10, -4, 835.042
639, 0.284, 29.807, 10, -4, 835.042
640, 0.275, 29.807, 10, -4, 835.042
641, 0.275, 29.807, 10, -4, 835.042
642, 0.265, 29.807, 10, -4, 835.042
643, 0.265, 29.807, 10, -4, 835.042
644, 0.255, 29.807, 10, -4, 835.042
645, 0.255, 29.807, 10, -4, 835.042
646, 0.255, 28.986, 10, -3, 835.042
647, 0.245, 29.807, 10, -4, 835.042
648, 0.245, 28.887, 11, -3, 835.042
649, 0.245, 28.887, 11, -3, 835.042
650, 0.235, 28.887, 11, -3, 835.042
651, 0.235, 28.887, 11, -3, 835.042
652, 0.235, 28.887, 11, -3, 835.042
653, 0.235, 28.887, 11, -3, 835.042
654, 0.226, 28.887, 11, -3, 835.042
655, 0.226, 28.887, 11, -3, 835.042
656, 0.226, 28.887, 11, -3, 835.042
657, 0.226, 28.887, 11, -3, 835.042
658, 0.226, 28.887, 11, -3, 835.042
659, 0.226, 28.887, 11, -3, 835.042
660, 0.216, 28.887, 11, -3, 835.042
661, 0.216, 28.887, 11, -3, 835.042
662, 0.216, 28.887, 11, -3, 835.042
663, 0.216, 28.887, 11, -3, 835.042
664, 0.216, 28.887, 11, -3, 835.042
665, 0.216, 28.887, 11, -3, 835.042
666, 0.216, 28.887, 11, -3, 835.042
667, 0.216, 28.887, 11, -3, 835.042
668, 0.216, 28.887, 11, -3, 835.042
669, 0.216, 28.887, 11, -3, 835.042
670, 0.216, 28.887, 11, -3, 835.042
671, 0.216, 28.887, 11, -3, 835.042
672, 0.216, 28.887, 11, -3, 835.042
673, 0.216, 28.887, 11, -3, 835.042
674, 0.216, 28.887, 11, -3, 835.042
675, 0.216, 28.887, 11, -3, 835.042
676, 0.206, 28.887, 11, -3, 835.042
677, 0.206, 28.887, 11, -3, 835.042
678, 0.206, 26.094, 11, -4, 835.042
679, 0.196, 24.266, 9, -4, 835.042
680, 0.196, 21.787, 9, -4, 835.042
681, 0.177, 20.966, 10, -4, 835.042
682, 0.167, 20.966, 10, -4, 835.042
683, 0.157, 18.113, 8, -3, 835.042
684, 0.147, 14.951, 7, -4, 835.042
685, 0.137, 14.951, 7, -4, 835.042
686, 0.128, 14.537, 7, -3, 835.042
687, 0.118, 14.699, 8, -3, 835.042
688, 0.118, 12.708, 8, -1, 835.042
689, 0.108, 11.886, 8, -2, 835.042
690, 0.098, 10.414, 7, -2, 835.042
691, 0.088, 9.414, 7, -1, 835.042
692, 0.078, 9.414, 7, -1, 835.042
693, 0.069, 8.414, 6, -1, 835.042
694, 0.059, 7.414, 5, -1, 835.042
695, 0.049, 7.0, 5, 0, 835.042
696, 0.049, 8.414, 7, 0, 835.042
697, 0.039, 8.414, 7, 0, 835.042
698, 0.039, 8.414, 7, 0, 835.042
699, 0.029, 8.414, 7, 0, 835.042
700, 0.029, 8.414, 7, 0, 835.042
701, 0.029, 8.828, 7, -1, 835.042
702, 0.029, 7.414, 6, 0, 835.042
703, 0.02, 7.414, 6, 0, 835.042
704, 0.02, 7.0, 5, 0, 835.042
705, 0.02, 7.414, 6, 0, 835.042
706, 0.02, 7.0, 5, 0, 835.042
707, 0.02, 7.414, 6, 0, 835.042
708, 0.01, 7.414, 6, 0, 835.042
709, 0.01, 7.414, 6, 0, 835.042
710, 0.01, 7.414, 6, 0, 835.042
711, 0.01, 7.414, 6, 0, 835.042
712, 0.01, 7.414, 6, 0, 835.042
713, 0.01, 7.414, 6, 0, 835.042
714, 0.01, 7.414, 6, 0, 835.042
715, 0.01, 7.414, 6, 0, 835.042
716, 0.01, 7.414, 6, 0, 835.042
717, 0.01, 7.0, 5, 0, 835.042
718, 0.01, 7.414, 6, 0, 835.042
719, 0.01, 7.414, 6, 0, 835.042
720, 0.01, 7.0, 5, 0, 835.042
721, 0.01, 7.414, 6, 0, 835.042
722, 0.01, 7.0, 5, 0, 835.042
723, 0.01, 7.414, 6, 0, 835.042
724, 0.0, 7.0, 5, 0, 835.042
725, 0.0, 7.414, 6, 0, 835.042
726, 0.0, 7.414, 5, -1, 835.042
727, 0.0, 7.0, 5, 0, 835.042
728, 0.0, 7.414, 5, -1, 835.042
729, 0.0, 7.414, 6, 0, 835.042
730, 0.0, 7.0, 5, 0, 835.042
731, 0.0, 7.0, 5, 0, 835.042
732, 0.0, 7.414, 6, 0, 835.042
733, 0.0, 7.828, 6, -1, 835.042
734, 0.0, 7.828, 6, -1, 835.042
735, 0.0, 7.414, 6, 0, 835.042
736, 0.0, 7.0, 5, 0, 835.042
737, 0.0, 7.0, 5, 0, 835.042
738, 0.0, 7.414, 6, 0, 835.042
739, 0.0, 7.414, 5, -1, 835.042
740, 0.0, 7.828, 6, -1, 835.042
741, 0.0, 7.828, 6, -1, 835.042
742, 0.0, 7.828, 6, -1, 835.042
743, 0.0, 7.0, 5, 0, 835.042
744, 0.0, 7.414, 6, 0, 835.042
745, 0.0, 7.414, 6, 0, 835.042
746, 0.0, 7.414, 5, -1, 835.042
747, 0.0, 7.828, 6, -1, 835.042
748, 0.0, 7.0, 5, 0, 835.042
749, 0.0, 7.0, 5, 0, 835.042
750, 0.0, 7.0, 5, 0, 835.042
751, 0.0, 7.414, 5, -1, 835.042
752, 0.0, 7.414, 6, 0, 835.042
753, 0.0, 7.414, 5, -1, 835.042
754, 0.0, 7.414, 6, 0, 835.042
755, 0.0, 7.414, 6, 0, 835.042
756, 0.0, 7.0, 5, 0, 835.042
757, 0.0, 7.414, 6, 0, 835.042
758, 0.0, 7.828, 6, -1, 835.042
759, 0.0, 7.828, 6, -1, 835.042
760, 0.0, 7.828, 6, -1, 835.042
761, 0.0, 7.414, 6, 0, 835.042
762, 0.0, 7.0, 5, 0, 835.042
763, 0.0, 7.828, 6, -1, 835.042
764, 0.0, 7.0, 5, 0, 835.042
765, 0.0, 7.414, 6, 0, 835.042
766, 0.0, 7.0, 5, 0, 835.042
767, 0.0, 7.414, 6, 0, 835.042
768, 0.0, 7.0, 5, 0, 835.042
769, 0.0, 7.828, 6, -1, 835.042
770, 0.0, 7.828, 6, -1, 835.042
771, 0.0, 7.414, 6, 0, 835.042
772, 0.0, 7.414, 6, 0, 835.042
773, 0.0, 7.414, 6, 0, 835.042
774, 0.0, 7.828, 6, -1, 835.042
775, 0.0, 7.0, 5, 0, 835.042
776, 0.0, 7.0, 5, 0, 835.042
777, 0.0, 7.828, 6, -1, 835.042
778, 0.0, 7.828, 6, -1, 835.042
