1, 0.0, 0, 0, 595.372
2, 0.0, 0, 0, 595.372
3, 1.0, -1, 0, 595.372
4, 1.0, -1, 0, 595.372
5, 1.0, -1, 0, 595.372
6, 0.0, 0, 0, 595.372
7, 0.0, 0, 0, 595.372
8, 1.0, -1, 0, 595.372
9, 2.0, -1, -1, 595.372
10, 1.0, 0, -1, 595.372
11, 0.0, 0, 0, 595.372
12, 1.0, -1, 0, 595.372
13, 1.0, -1, 0, 595.372
14, 1.0, -1, 0, 595.372
15, 2.0, -1, -1, 595.372
16, 1.0, -1, 0, 595.372
17, 1.0, -1, 0, 595.372
18, 1.0, -1, 0, 595.372
19, 2.0, -1, -1, 595.372
20, 1.0, -1, 0, 595.372
21, 1.0, -1, 0, 595.372
22, 1.0, -1, 0, 595.372
23, 0.0, 0, 0, 595.372
24, 0.0, 0, 0, 595.372
25, 0.0, 0, 0, 595.372
26, 1.0, -1, 0, 595.372
27, 1.0, -1, 0, 595.372
28, 1.0, -1, 0, 595.372
29, 0.0, 0, 0, 595.372
30, 1.0, -1, 0, 595.372
31, 1.0, -1, 0, 595.372
32, 1.0, -1, 0, 595.372
33, 1.0, -1, 0, 595.372
34, 0.0, 0, 0, 595.372
35, 1.0, -1, 0, 595.372
36, 1.0, -1, 0, 595.372
37, 1.0, -1, 0, 595.372
38, 0.0, 0, 0, 595.372
39, 2.0, -1, -1, 595.372
40, 1.0, -1, 0, 595.372
41, 1.0, -1, 0, 595.372
42, 2.0, -1, -1, 595.372
43, 2.0, -1, -1, 595.372
44, 0.0, 0, 0, 595.372
45, 2.0, -1, -1, 595.372
46, 2.0, -1, -1, 595.372
47, 0.0, 0, 0, 595.372
48, 1.0, -1, 0, 595.372
49, 1.0, -1, 0, 595.372
50, 3.0, 0, -1, 595.372
51, 2.0, -1, -1, 595.372
52, 3.0, 0, -1, 595.372
53, 2.0, 0, 0, 595.372
54, 2.0, -1, -1, 595.372
55, 1.0, 0, -1, 595.372
56, 2.0, -1, -1, 595.372
57, 1.0, -1, 0, 595.372
58, 2.0, -1, -1, 595.372
59, 1.0, -1, 0, 595.372
60, 3.0, 0, -1, 595.372
61, 2.0, -1, -1, 595.372
62, 2.0, -1, -1, 595.372
63, 2.0, -1, -1, 595.372
64, 2.0, -1, -1, 595.372
65, 2.0, -1, -1, 595.372
66, 2.0, -1, -1, 595.372
67, 1.0, -1, 0, 595.372
68, 1.0, -1, 0, 595.372
69, 1.0, -1, 0, 595.372
70, 1.0, -1, 0, 595.372
71, 1.0, -1, 0, 595.372
72, 1.0, -1, 0, 595.372
73, 1.0, -1, 0, 595.372
74, 2.0, -1, -1, 595.372
75, 6.828, 0, -2, 595.372
76, 6.414, 0, -1, 595.372
77, 6.828, 0, -2, 595.372
78, 7.243, 0, -1, 595.372
79, 9.064, -1, 0, 595.372
80, 9.479, -2, 0, 595.372
81, 11.893, 0, 1, 595.372
82, 12.893, -1, 1, 595.372
83, 13.307, -2, 1, 595.372
84, 16.129, 0, 0, 595.372
85, 16.129, 0, 2, 595.372
86, 15.721, 0, 0, 595.372
87, 19.091, -2, 0, 595.372
88, 19.728, -2, 1, 595.372
89, 19.728, -2, 1, 595.372
90, 20.728, -3, 1, 595.372
91, 21.505, -2, 1, 595.372
92, 21.505, -2, 1, 595.372
93, 22.142, -2, 2, 595.372
94, 24.304, -1, 4, 595.372
95, 24.142, -1, 3, 595.372
96, 23.142, -2, 3, 595.372
97, 21.505, -2, 1, 595.372
98, 23.142, -2, 3, 595.372
99, 19.091, -2, 0, 595.372
100, 19.091, -2, 0, 595.372
101, 19.728, -2, 1, 595.372
102, 16.129, 0, 0, 595.372
103, 16.721, 0, -1, 595.372
104, 15.129, 0, 1, 595.372
105, 12.893, -1, 1, 595.372
106, 12.893, -1, 1, 595.372
107, 11.893, 0, 1, 595.372
108, 9.064, -1, 0, 595.372
109, 9.064, -1, 0, 595.372
110, 8.243, 0, 0, 595.372
111, 6.828, 0, -2, 595.372
112, 6.828, 0, -2, 595.372
113, 5.828, 0, -1, 595.372
114, 2.0, -2, 0, 595.372
115, 2.0, -2, 0, 595.372
116, 1.0, -1, 0, 595.372
117, 1.0, -1, 0, 595.372
118, 1.0, -1, 0, 595.372
119, 2.0, -1, -1, 595.372
120, 2.0, 0, 0, 595.372
121, 2.0, -1, -1, 595.372
122, 1.0, -1, 0, 595.372
123, 2.0, -1, -1, 595.372
124, 1.0, -1, 0, 595.372
125, 1.0, -1, 0, 595.372
126, 1.0, -1, 0, 595.372
127, 1.0, -1, 0, 595.372
128, 2.0, -1, -1, 595.372
129, 2.0, 0, 0, 595.372
130, 1.0, -1, 0, 595.372
131, 2.0, 0, 0, 595.372
132, 1.0, -1, 0, 595.372
133, 2.0, -1, -1, 595.372
134, 1.0, -1, 0, 595.372
135, 1.0, -1, 0, 595.372
136, 1.0, -1, 0, 595.372
137, 1.0, -1, 0, 595.372
138, 1.0, -1, 0, 595.372
139, 1.0, -1, 0, 595.372
140, 2.0, -1, -1, 595.372
141, 6.828, 0, -2, 595.372
142, 6.828, 0, -2, 595.372
143, 6.828, 0, -2, 595.372
144, 8.243, 0, 0, 595.372
145, 8.243, 0, 0, 595.372
146, 8.243, 0, 0, 595.372
147, 6.828, 0, -2, 595.372
148, 6.828, 0, -2, 595.372
149, 5.414, 0, 0, 595.372
150, 1.0, -1, 0, 595.372
151, 1.0, -1, 0, 595.372
152, 1.0, -1, 0, 595.372
153, 1.0, -1, 0, 595.372
154, 2.0, -1, -1, 595.372
155, 2.0, -1, -1, 595.372
156, 1.0, -1, 0, 595.372
157, 2.0, -1, -1, 595.372
158, 2.0, -1, -1, 595.372
159, 1.0, -1, 0, 595.372
160, 1.0, -1, 0, 595.372
161, 2.0, 0, 0, 595.372
162, 0.0, 0, 0, 595.372
163, 2.0, 1, -1, 595.372
164, 1.0, -1, 0, 595.372
165, 2.0, 0, 0, 595.372
166, 0.0, 0, 0, 595.372
167, 3.0, 0, -1, 595.372
168, 2.0, 1, -1, 595.372
169, 3.0, 0, -1, 595.372
170, 1.0, 0, -1, 595.372
171, 1.0, -1, 0, 595.372
172, 1.0, 1, 0, 595.372
173, 0.0, 0, 0, 595.372
174, 2.0, 0, 0, 595.372
175, 3.0, 0, -1, 595.372
176, 2.0, 1, -1, 595.372
177, 2.0, -1, -1, 595.372
178, 2.0, -1, -1, 595.372
179, 2.0, -1, -1, 595.372
180, 0.0, 0, 0, 595.372
181, 3.0, 0, -1, 595.372
182, 1.0, 0, -1, 595.372
183, 2.0, -1, -1, 595.372
184, 1.0, -1, 0, 595.372
185, 2.0, 1, -1, 595.372
186, 1.0, -1, 0, 595.372
187, 1.0, 1, 0, 595.372
188, 2.0, -1, -1, 595.372
189, 2.0, -1, -1, 595.372
190, 2.0, 0, 0, 595.372
191, 2.0, -1, -1, 595.372
192, 1.0, -1, 0, 595.372
193, 1.0, 0, -1, 595.372
194, 1.0, 0, -1, 595.372
195, 1.0, -1, 0, 595.372
196, 0.0, 0, 0, 595.372
197, 2.0, -1, -1, 595.372
198, 2.0, -1, -1, 595.372
199, 3.0, 0, -1, 595.372
200, 1.0, 0, -1, 595.372
201, 1.0, 1, 0, 595.372
202, 2.0, 1, -1, 595.372
203, 2.0, 1, -1, 595.372
204, 3.0, 0, -1, 595.372
205, 3.0, 0, -1, 595.372
206, 1.0, 0, -1, 595.372
207, 1.0, 1, 0, 595.372
208, 2.0, 1, -1, 595.372
209, 1.0, 0, -1, 595.372
210, 2.0, -1, -1, 595.372
211, 2.0, 1, -1, 595.372
212, 2.0, 1, -1, 595.372
213, 2.0, 1, -1, 595.372
214, 1.0, 0, -1, 595.372
215, 3.0, 0, -1, 595.372
216, 1.0, -1, 0, 595.372
217, 3.0, 0, -1, 595.372
218, 1.0, 0, -1, 595.372
219, 2.0, 1, -1, 595.372
220, 2.0, -1, -1, 595.372
221, 2.0, -1, -1, 595.372
222, 3.0, 0, -1, 595.372
223, 2.0, 1, -1, 595.372
224, 2.0, 1, -1, 595.372
225, 3.0, 0, -1, 595.372
226, 3.0, 0, -1, 595.372
227, 2.0, -1, -1, 595.372
228, 1.0, 0, -1, 595.372
229, 2.0, 0, 0, 595.372
230, 2.0, 1, -1, 595.372
231, 1.0, -1, 0, 595.372
232, 1.0, 0, -1, 595.372
233, 2.0, 1, -1, 595.372
234, 2.0, 1, -1, 595.372
235, 2.0, -1, -1, 595.372
236, 1.0, 0, -1, 595.372
237, 1.0, 0, -1, 595.372
238, 1.0, 0, -1, 595.372
239, 1.0, 0, -1, 595.372
240, 1.0, 1, 0, 595.372
241, 2.0, -1, -1, 595.372
242, 1.0, 0, -1, 595.372
243, 2.0, 1, -1, 595.372
244, 2.0, -1, -1, 595.372
245, 2.0, 1, -1, 595.372
246, 1.0, 0, -1, 595.372
247, 1.0, 0, -1, 595.372
248, 3.0, 0, -1, 595.372
249, 3.0, 0, -1, 595.372
250, 2.0, -1, -1, 595.372
251, 2.0, 1, -1, 595.372
252, 0.0, 0, 0, 595.372
253, 2.0, -1, -1, 595.372
254, 2.0, 1, -1, 595.372
255, 2.0, 0, 0, 595.372
256, 1.0, -1, 0, 595.372
257, 2.0, -1, -1, 595.372
258, 1.0, 0, -1, 595.372
259, 3.0, 0, -1, 595.372
260, 2.0, 1, -1, 595.372
261, 1.0, 1, 0, 595.372
262, 1.0, 0, -1, 595.372
263, 1.0, 0, -1, 595.372
264, 2.0, 1, -1, 595.372
265, 2.0, -1, -1, 595.372
266, 1.0, 0, -1, 595.372
267, 1.0, -1, 0, 595.372
268, 2.0, 1, -1, 595.372
269, 1.0, 0, -1, 595.372
270, 2.0, -1, -1, 595.372
271, 1.0, -1, 0, 595.372
272, 2.0, 0, 0, 595.372
273, 1.0, 0, -1, 595.372
274, 2.0, -1, -1, 595.372
275, 2.0, 1, -1, 595.372
276, 2.0, -1, -1, 595.372
277, 2.0, -1, -1, 595.372
278, 1.0, 0, -1, 595.372
279, 1.0, -1, 0, 595.372
280, 1.0, 1, 0, 595.372
281, 2.0, -1, -1, 595.372
282, 2.0, 1, -1, 595.372
283, 2.0, 1, -1, 595.372
284, 1.0, 0, -1, 595.372
285, 3.0, 0, -1, 595.372
286, 0.0, 0, 0, 595.372
287, 2.0, -1, -1, 595.372
288, 3.0, 0, -1, 595.372
289, 1.0, 0, -1, 595.372
290, 2.0, 1, -1, 595.372
291, 1.0, 0, -1, 595.372
292, 1.0, 0, -1, 595.372
293, 2.0, 1, -1, 595.372
294, 3.0, 0, -1, 595.372
295, 2.0, -1, -1, 595.372
296, 3.0, 0, -1, 595.372
297, 3.0, 0, -1, 595.372
298, 1.0, 1, 0, 595.372
299, 2.0, -1, -1, 595.372
300, 1.0, 0, -1, 595.372
301, 1.0, 0, -1, 595.372
302, 2.0, -1, -1, 595.372
303, 2.0, -1, -1, 595.372
304, 2.0, 1, -1, 595.372
305, 2.0, -1, -1, 595.372
306, 2.0, 1, -1, 595.372
307, 2.0, 0, 0, 595.372
308, 1.0, 0, -1, 595.372
309, 2.0, 1, -1, 595.372
310, 3.0, 0, -1, 595.372
311, 3.0, 0, -1, 595.372
312, 3.0, 0, -1, 595.372
313, 1.0, 1, 0, 595.372
314, 3.0, 0, -1, 595.372
315, 3.0, 0, -1, 595.372
316, 3.0, 0, -1, 595.372
317, 2.0, 1, -1, 595.372
318, 3.0, 0, -1, 595.372
319, 1.0, 0, -1, 595.372
320, 2.0, -1, -1, 595.372
321, 3.0, 0, -1, 595.372
322, 0.0, 0, 0, 595.372
323, 1.0, -1, 0, 595.372
324, 3.0, 0, -1, 595.372
325, 3.0, 0, -1, 595.372
326, 0.0, 0, 0, 595.372
327, 2.0, -1, -1, 595.372
328, 1.0, -1, 0, 595.372
329, 1.0, 1, 0, 595.372
330, 3.0, 0, -1, 595.372
331, 3.0, 0, -1, 595.372
332, 1.0, 1, 0, 595.372
333, 3.0, 0, -1, 595.372
334, 1.0, 0, -1, 595.372
335, 3.0, 0, -1, 595.372
336, 1.0, 0, -1, 595.372
337, 2.0, 1, -1, 595.372
338, 2.0, 0, 0, 595.372
339, 1.0, 1, 0, 595.372
340, 2.0, 0, 0, 595.372
341, 1.0, -1, 0, 595.372
342, 1.0, -1, 0, 595.372
343, 2.0, 0, 0, 595.372
344, 1.0, -1, 0, 595.372
345, 2.0, 0, 0, 595.372
346, 2.0, 0, 0, 595.372
347, 2.414, 0, 1, 595.372
348, 2.414, 0, 1, 595.372
349, 2.414, 0, 1, 595.372
350, 2.414, 0, 1, 595.372
351, 2.414, 0, 1, 595.372
352, 2.414, 0, 1, 595.372
353, 3.414, 0, 0, 595.372
354, 3.414, 0, 0, 595.372
355, 3.414, -1, 1, 595.372
356, 2.414, 0, 1, 595.372
357, 4.414, -1, 0, 595.372
358, 4.414, -1, 0, 595.372
359, 4.414, -1, 0, 595.372
360, 3.414, -1, 1, 595.372
361, 3.414, 0, 0, 595.372
362, 2.414, 0, 1, 595.372
363, 3.414, 0, 0, 595.372
364, 2.414, 0, 1, 595.372
365, 2.0, 0, 0, 595.372
366, 1.0, -1, 0, 595.372
367, 2.0, 0, 0, 595.372
368, 1.0, -1, 0, 595.372
369, 1.0, -1, 0, 595.372
370, 1.0, -1, 0, 595.372
371, 2.0, 0, 0, 595.372
372, 1.0, -1, 0, 595.372
373, 0.0, 0, 0, 595.372
374, 1.0, -1, 0, 595.372
375, 1.0, -1, 0, 595.372
376, 1.0, -1, 0, 595.372
377, 1.0, -1, 0, 595.372
378, 2.0, 0, 0, 595.372
379, 2.0, 0, 0, 595.372
380, 1.0, -1, 0, 595.372
381, 2.0, 0, 0, 595.372
382, 1.0, -1, 0, 595.372
383, 2.0, 0, 0, 595.372
384, 1.0, -1, 0, 595.372
385, 1.0, -1, 0, 595.372
386, 1.0, -1, 0, 595.372
387, 1.0, -1, 0, 595.372
388, 1.0, -1, 0, 595.372
389, 2.0, 0, 0, 595.372
390, 2.0, -1, -1, 595.372
391, 1.0, -1, 0, 595.372
392, 1.0, -1, 0, 595.372
393, 1.0, -1, 0, 595.372
394, 1.0, -1, 0, 595.372
395, 1.0, -1, 0, 595.372
396, 1.0, -1, 0, 595.372
397, 1.0, -1, 0, 595.372
398, 2.0, 0, 0, 595.372
399, 2.414, 0, 1, 595.372
400, 3.414, -1, 1, 595.372
401, 5.828, 0, -1, 595.372
402, 7.828, 1, -2, 595.372
403, 10.479, 2, 3, 595.372
404, 10.479, 2, 5, 595.372
405, 11.301, 3, 7, 595.372
406, 11.479, 5, 7, 595.372
407, 14.055, 4, 8, 595.372
408, 16.227, 3, 8, 595.372
409, 30.701, 2, 9, 595.372
410, 43.001, 2, 9, 595.372
411, 55.347, 2, 8, 595.372
412, 70.795, 0, 8, 595.372
413, 82.775, -1, 7, 595.372
414, 96.257, -1, 5, 595.372
415, 108.787, -3, 4, 595.372
416, 119.076, -2, 4, 595.372
417, 130.843, -3, 1, 595.372
418, 138.796, -5, 1, 595.372
419, 145.448, -6, -1, 595.372
420, 153.084, -3, -1, 595.372
421, 161.6, -4, -1, 595.372
422, 166.495, -5, -2, 595.372
423, 172.965, -3, -2, 595.372
424, 181.405, -4, -4, 595.372
425, 187.94, -4, -4, 595.372
426, 194.094, -2, -6, 595.372
427, 200.704, -5, -7, 595.372
428, 202.76, -3, -7, 595.372
429, 207.155, -3, -9, 595.372
430, 207.872, -3, -10, 595.372
431, 208.869, -3, -11, 595.372
432, 211.781, -3, -11, 595.372
433, 212.478, -3, -10, 595.372
434, 213.241, -5, -10, 595.372
435, 214.865, -4, -11, 595.372
436, 216.58, -3, -12, 595.372
437, 217.576, -3, -11, 595.372
438, 220.071, -5, -12, 595.372
439, 219.292, -3, -12, 595.372
440, 222.818, -4, -10, 595.372
441, 224.227, -4, -11, 595.372
442, 224.164, -3, -11, 595.372
443, 224.164, -3, -11, 595.372
444, 224.164, -3, -11, 595.372
445, 224.227, -4, -11, 595.372
446, 224.227, -4, -11, 595.372
447, 224.184, -3, -12, 595.372
448, 224.164, -3, -11, 595.372
449, 224.164, -3, -11, 595.372
450, 224.164, -3, -11, 595.372
451, 224.164, -3, -11, 595.372
452, 224.164, -3, -11, 595.372
453, 224.164, -3, -11, 595.372
454, 224.164, -3, -11, 595.372
455, 224.164, -3, -11, 595.372
456, 224.164, -3, -11, 595.372
457, 224.227, -4, -11, 595.372
458, 224.164, -3, -11, 595.372
459, 224.164, -3, -11, 595.372
460, 224.227, -4, -11, 595.372
461, 225.001, -4, -12, 595.372
462, 227.414, -6, -13, 595.372
463, 229.701, -5, -14, 595.372
464, 230.415, -4, -14, 595.372
465, 230.415, -4, -14, 595.372
466, 232.113, -3, -13, 595.372
467, 231.114, -4, -13, 595.372
468, 232.113, -3, -13, 595.372
469, 232.812, -3, -12, 595.372
470, 232.131, -3, -14, 595.372
471, 232.131, -3, -14, 595.372
472, 232.113, -3, -13, 595.372
473, 232.131, -3, -14, 595.372
474, 232.831, -3, -13, 595.372
475, 232.812, -3, -12, 595.372
476, 232.131, -3, -14, 595.372
477, 232.113, -3, -13, 595.372
478, 232.831, -3, -13, 595.372
479, 232.113, -3, -13, 595.372
480, 232.812, -3, -12, 595.372
481, 232.812, -3, -12, 595.372
482, 232.812, -3, -12, 595.372
483, 231.433, -3, -15, 595.372
484, 232.893, -4, -13, 595.372
485, 232.131, -3, -14, 595.372
486, 231.415, -3, -14, 595.372
487, 232.131, -3, -14, 595.372
488, 232.831, -3, -13, 595.372
489, 232.176, -4, -13, 595.372
490, 232.131, -3, -14, 595.372
491, 232.175, -4, -13, 595.372
492, 232.114, -3, -13, 595.372
493, 234.602, -3, -13, 595.372
494, 232.812, -3, -12, 595.372
495, 232.812, -3, -12, 595.372
496, 232.194, -4, -14, 595.372
497, 233.83, -3, -12, 595.372
498, 232.831, -3, -13, 595.372
499, 232.831, -3, -13, 595.372
500, 232.132, -3, -14, 595.372
501, 232.831, -3, -13, 595.372
502, 232.831, -3, -13, 595.372
503, 232.831, -3, -13, 595.372
504, 232.132, -3, -14, 595.372
505, 232.812, -3, -12, 595.372
506, 232.874, -4, -12, 595.372
507, 233.83, -3, -12, 595.372
508, 233.112, -3, -12, 595.372
509, 232.113, -3, -13, 595.372
510, 232.831, -3, -13, 595.372
511, 233.811, -3, -11, 595.372
512, 233.811, -3, -11, 595.372
513, 232.831, -3, -13, 595.372
514, 232.831, -3, -13, 595.372
515, 232.831, -3, -13, 595.372
516, 232.831, -3, -13, 595.372
517, 232.831, -3, -13, 595.372
518, 232.812, -3, -12, 595.372
519, 232.831, -3, -13, 595.372
520, 233.83, -3, -12, 595.372
521, 232.893, -4, -13, 595.372
522, 233.602, -3, -14, 595.372
523, 232.131, -3, -14, 595.372
524, 231.176, -5, -13, 595.372
525, 230.496, -5, -15, 595.372
526, 230.434, -4, -15, 595.372
527, 231.268, -5, -16, 595.372
528, 228.782, -5, -15, 595.372
529, 228.782, -5, -15, 595.372
530, 228.782, -5, -15, 595.372
531, 226.291, -3, -13, 595.372
532, 224.958, -3, -13, 595.372
533, 226.416, -6, -12, 595.372
534, 228.782, -5, -15, 595.372
535, 228.782, -5, -15, 595.372
536, 229.497, -4, -15, 595.372
537, 230.496, -5, -15, 595.372
538, 230.478, -5, -14, 595.372
539, 230.496, -5, -15, 595.372
540, 231.415, -3, -14, 595.372
541, 233.112, -3, -12, 595.372
542, 232.831, -3, -13, 595.372
543, 232.831, -3, -13, 595.372
544, 233.83, -3, -12, 595.372
545, 233.811, -3, -11, 595.372
546, 233.811, -3, -11, 595.372
547, 233.83, -3, -12, 595.372
548, 233.811, -3, -11, 595.372
549, 233.811, -3, -11, 595.372
550, 233.811, -3, -11, 595.372
551, 234.583, -3, -12, 595.372
552, 234.583, -3, -12, 595.372
553, 233.811, -3, -11, 595.372
554, 233.811, -3, -11, 595.372
555, 234.583, -3, -12, 595.372
556, 234.583, -3, -12, 595.372
557, 233.811, -3, -11, 595.372
558, 233.811, -3, -11, 595.372
559, 233.811, -3, -11, 595.372
560, 234.602, -3, -13, 595.372
561, 233.83, -3, -12, 595.372
562, 233.811, -3, -11, 595.372
563, 233.811, -3, -11, 595.372
564, 233.811, -3, -11, 595.372
565, 233.83, -3, -12, 595.372
566, 234.482, -2, -12, 595.372
567, 234.583, -3, -12, 595.372
568, 234.583, -3, -12, 595.372
569, 233.811, -3, -11, 595.372
570, 233.83, -3, -12, 595.372
571, 233.811, -3, -11, 595.372
572, 233.83, -3, -12, 595.372
573, 234.602, -3, -13, 595.372
574, 233.83, -3, -12, 595.372
575, 234.602, -3, -13, 595.372
576, 232.885, -3, -14, 595.372
577, 232.131, -3, -14, 595.372
578, 232.903, -3, -15, 595.372
579, 231.496, -4, -15, 595.372
580, 231.496, -4, -15, 595.372
581, 230.496, -5, -15, 595.372
582, 229.497, -4, -15, 595.372
583, 229.781, -6, -15, 595.372
584, 229.497, -4, -15, 595.372
585, 230.496, -5, -15, 595.372
586, 231.496, -4, -15, 595.372
587, 230.496, -5, -15, 595.372
588, 230.496, -5, -15, 595.372
589, 231.496, -4, -15, 595.372
590, 232.194, -4, -14, 595.372
591, 232.131, -3, -14, 595.372
592, 232.194, -4, -14, 595.372
593, 231.496, -4, -15, 595.372
594, 232.131, -3, -14, 595.372
595, 232.194, -4, -14, 595.372
596, 231.496, -4, -15, 595.372
597, 232.175, -4, -13, 595.372
598, 231.194, -5, -14, 595.372
599, 231.132, -4, -14, 595.372
600, 232.131, -3, -14, 595.372
601, 232.893, -4, -13, 595.372
602, 232.893, -4, -13, 595.372
603, 232.131, -3, -14, 595.372
604, 233.13, -3, -13, 595.372
605, 233.13, -3, -13, 595.372
606, 233.83, -3, -12, 595.372
607, 233.83, -3, -12, 595.372
608, 233.83, -3, -12, 595.372
609, 234.602, -3, -13, 595.372
610, 233.83, -3, -12, 595.372
611, 233.83, -3, -12, 595.372
612, 233.83, -3, -12, 595.372
613, 233.83, -3, -12, 595.372
614, 234.602, -3, -13, 595.372
615, 234.602, -3, -13, 595.372
616, 234.602, -3, -13, 595.372
617, 234.602, -3, -13, 595.372
618, 233.83, -3, -12, 595.372
619, 234.602, -3, -13, 595.372
620, 234.602, -3, -13, 595.372
621, 234.602, -3, -13, 595.372
622, 234.602, -3, -13, 595.372
623, 234.602, -3, -13, 595.372
624, 235.239, -2, -13, 595.372
625, 234.602, -3, -13, 595.372
626, 235.239, -2, -13, 595.372
627, 235.239, -2, -13, 595.372
628, 235.239, -2, -13, 595.372
629, 235.239, -2, -13, 595.372
630, 235.239, -2, -13, 595.372
631, 234.602, -3, -13, 595.372
632, 235.239, -2, -13, 595.372
633, 235.299, -3, -13, 595.372
634, 235.239, -2, -13, 595.372
635, 234.661, -4, -13, 595.372
636, 235.998, -4, -13, 595.372
637, 235.998, -4, -13, 595.372
638, 235.998, -4, -13, 595.372
639, 235.938, -3, -13, 595.372
640, 235.998, -4, -13, 595.372
641, 235.938, -3, -13, 595.372
642, 235.938, -3, -13, 595.372
643, 237.714, -2, -14, 595.372
644, 236.937, -2, -13, 595.372
645, 236.937, -2, -13, 595.372
646, 236.937, -2, -13, 595.372
647, 236.937, -2, -13, 595.372
648, 236.937, -2, -13, 595.372
649, 236.937, -2, -13, 595.372
650, 236.937, -2, -13, 595.372
651, 236.937, -2, -13, 595.372
652, 236.937, -2, -13, 595.372
653, 236.937, -2, -13, 595.372
654, 236.937, -2, -13, 595.372
655, 236.937, -2, -13, 595.372
656, 236.937, -2, -13, 595.372
657, 236.937, -2, -13, 595.372
658, 236.937, -2, -13, 595.372
659, 236.937, -2, -13, 595.372
660, 236.937, -2, -13, 595.372
661, 236.937, -2, -13, 595.372
662, 236.937, -2, -13, 595.372
663, 236.937, -2, -13, 595.372
664, 236.937, -2, -13, 595.372
665, 236.937, -2, -13, 595.372
666, 237.652, -1, -13, 595.372
667, 237.652, -1, -13, 595.372
668, 237.652, -1, -13, 595.372
669, 237.652, -1, -13, 595.372
670, 240.08, -2, -15, 595.372
671, 240.08, -2, -15, 595.372
672, 240.08, -2, -15, 595.372
673, 241.079, -3, -15, 595.372
674, 241.912, -3, -17, 595.372
675, 241.912, -3, -17, 595.372
676, 241.912, -3, -17, 595.372
677, 242.681, -3, -18, 595.372
678, 243.681, -3, -17, 595.372
679, 243.681, -3, -17, 595.372
680, 243.681, -3, -17, 595.372
681, 244.379, -3, -16, 595.372
682, 243.681, -3, -17, 595.372
683, 245.019, -2, -16, 595.372
684, 245.377, -2, -16, 595.372
685, 247.415, -2, -15, 595.372
686, 247.415, -2, -15, 595.372
687, 249.129, -2, -15, 595.372
688, 249.129, -2, -15, 595.372
689, 249.129, -2, -15, 595.372
690, 249.129, -2, -15, 595.372
691, 249.129, -2, -15, 595.372
692, 249.844, -3, -15, 595.372
693, 249.844, -3, -15, 595.372
694, 250.559, -3, -16, 595.372
695, 249.844, -3, -15, 595.372
696, 249.844, -3, -15, 595.372
697, 249.129, -2, -15, 595.372
698, 249.844, -3, -15, 595.372
699, 250.559, -3, -16, 595.372
700, 249.844, -3, -15, 595.372
701, 250.559, -3, -16, 595.372
702, 249.844, -3, -15, 595.372
703, 251.557, -3, -17, 595.372
704, 251.557, -3, -17, 595.372
705, 252.554, -2, -17, 595.372
706, 253.554, -2, -16, 595.372
707, 253.211, -1, -17, 595.372
708, 254.964, -1, -17, 595.372
709, 254.964, -1, -17, 595.372
710, 255.692, 0, -17, 595.372
711, 254.964, -1, -17, 595.372
712, 255.692, 0, -17, 595.372
713, 254.964, -1, -17, 595.372
714, 255.692, 0, -17, 595.372
715, 255.692, 0, -17, 595.372
716, 255.692, 0, -17, 595.372
717, 255.249, 1, -17, 595.372
718, 255.692, 0, -17, 595.372
719, 255.249, 1, -17, 595.372
720, 256.248, 0, -17, 595.372
721, 255.692, 0, -17, 595.372
722, 256.691, -1, -17, 595.372
723, 255.249, 1, -17, 595.372
724, 255.692, 0, -17, 595.372
725, 255.692, 0, -17, 595.372
726, 256.248, 0, -17, 595.372
727, 256.248, 0, -17, 595.372
728, 256.248, 0, -17, 595.372
729, 256.248, 0, -17, 595.372
730, 255.692, 0, -17, 595.372
731, 255.692, 0, -17, 595.372
732, 255.249, 1, -17, 595.372
733, 255.692, 0, -17, 595.372
734, 255.692, 0, -17, 595.372
735, 255.249, 1, -17, 595.372
736, 255.249, 1, -17, 595.372
737, 257.377, -1, -16, 595.372
738, 258.076, -1, -15, 595.372
739, 259.789, -1, -15, 595.372
740, 260.567, -1, -17, 595.372
741, 262.727, -1, -17, 595.372
742, 263.106, 1, -17, 595.372
743, 263.834, 1, -18, 595.372
744, 263.884, 1, -19, 595.372
745, 266.209, 1, -19, 595.372
746, 266.879, 0, -19, 595.372
747, 267.877, 1, -19, 595.372
748, 267.877, 1, -19, 595.372
749, 269.374, 3, -21, 595.372
750, 270.03, 2, -21, 595.372
751, 269.374, 3, -21, 595.372
752, 270.03, 2, -21, 595.372
753, 270.03, 2, -21, 595.372
754, 269.374, 3, -21, 595.372
755, 269.374, 3, -21, 595.372
756, 269.374, 3, -21, 595.372
757, 270.03, 2, -21, 595.372
758, 270.717, 2, -20, 595.372
759, 272.857, 2, -19, 595.372
760, 273.691, 2, -21, 595.372
761, 274.689, 1, -21, 595.372
762, 275.685, 2, -21, 595.372
763, 276.359, 3, -21, 595.372
764, 276.359, 3, -21, 595.372
765, 276.359, 3, -21, 595.372
766, 277.358, 3, -20, 595.372
767, 277.358, 3, -20, 595.372
768, 277.358, 3, -20, 595.372
769, 277.358, 3, -20, 595.372
770, 277.358, 3, -20, 595.372
771, 278.097, 4, -20, 595.372
772, 278.097, 4, -20, 595.372
773, 278.097, 4, -20, 595.372
774, 278.097, 4, -20, 595.372
775, 279.073, 4, -21, 595.372
776, 278.097, 4, -20, 595.372
777, 278.097, 4, -20, 595.372
778, 278.097, 4, -20, 595.372
779, 277.358, 3, -20, 595.372
780, 278.097, 4, -20, 595.372
781, 278.097, 4, -20, 595.372
782, 278.097, 4, -20, 595.372
783, 278.097, 4, -20, 595.372
784, 279.073, 4, -21, 595.372
785, 278.097, 4, -20, 595.372
786, 278.097, 4, -20, 595.372
787, 278.097, 4, -20, 595.372
788, 278.097, 4, -20, 595.372
789, 278.097, 4, -20, 595.372
790, 278.097, 4, -20, 595.372
791, 278.097, 4, -20, 595.372
792, 278.097, 4, -20, 595.372
793, 278.097, 4, -20, 595.372
794, 278.097, 4, -20, 595.372
795, 278.097, 4, -20, 595.372
796, 278.097, 4, -20, 595.372
797, 278.097, 4, -20, 595.372
798, 278.097, 4, -20, 595.372
799, 278.097, 4, -20, 595.372
800, 278.097, 4, -20, 595.372
801, 278.097, 4, -20, 595.372
802, 278.097, 4, -20, 595.372
803, 278.097, 4, -20, 595.372
804, 278.097, 4, -20, 595.372
805, 278.097, 4, -20, 595.372
806, 278.772, 4, -19, 595.372
807, 282.888, 4, -22, 595.372
808, 285.647, 4, -23, 595.372
809, 286.292, 3, -23, 595.372
810, 286.977, 3, -22, 595.372
811, 287.715, 4, -22, 595.372
812, 288.403, 5, -22, 595.372
813, 288.403, 5, -22, 595.372
814, 289.403, 5, -21, 595.372
815, 295.355, 6, -27, 595.372
816, 289.403, 5, -21, 595.372
817, 289.403, 5, -21, 595.372
818, 295.355, 6, -27, 595.372
819, 296.351, 7, -27, 595.372
820, 295.355, 6, -27, 595.372
821, 289.403, 5, -21, 595.372
822, 295.355, 6, -27, 595.372
823, 295.355, 6, -27, 595.372
824, 288.403, 5, -22, 595.372
825, 290.399, 6, -21, 595.372
826, 289.403, 5, -21, 595.372
827, 295.355, 6, -27, 595.372
828, 289.403, 5, -21, 595.372
829, 295.355, 6, -27, 595.372
830, 289.403, 5, -21, 595.372
831, 296.351, 7, -27, 595.372
832, 297.351, 7, -28, 595.372
833, 298.349, 6, -28, 595.372
834, 299.738, 4, -28, 595.372
835, 300.413, 4, -27, 595.372
836, 300.413, 4, -27, 595.372
837, 301.851, 6, -27, 595.372
838, 302.564, 6, -28, 595.372
839, 302.564, 6, -28, 595.372
840, 302.564, 6, -28, 595.372
841, 304.56, 7, -29, 595.372
842, 304.314, 6, -30, 595.372
843, 305.996, 7, -29, 595.372
844, 305.996, 7, -29, 595.372
845, 305.996, 7, -29, 595.372
846, 305.31, 7, -30, 595.372
847, 305.996, 7, -29, 595.372
848, 305.996, 7, -29, 595.372
849, 305.996, 7, -29, 595.372
850, 307.657, 6, -28, 595.372
851, 306.995, 7, -28, 595.372
852, 308.695, 7, -28, 595.372
853, 307.994, 6, -28, 595.372
854, 308.695, 7, -28, 595.372
855, 309.357, 6, -28, 595.372
856, 309.357, 6, -28, 595.372
857, 308.695, 7, -28, 595.372
858, 309.357, 6, -28, 595.372
859, 309.357, 6, -28, 595.372
860, 312.986, 6, -32, 595.372
861, 321.547, 14, -36, 595.372
862, 322.888, 15, -36, 595.372
863, 322.221, 14, -37, 595.372
864, 322.221, 14, -37, 595.372
865, 322.221, 14, -37, 595.372
866, 322.221, 14, -37, 595.372
867, 322.886, 14, -36, 595.372
868, 323.879, 15, -36, 595.372
869, 324.618, 16, -36, 595.372
870, 324.618, 16, -36, 595.372
871, 323.879, 15, -36, 595.372
872, 324.618, 16, -36, 595.372
873, 323.867, 16, -36, 595.372
874, 324.618, 16, -36, 595.372
875, 324.618, 16, -36, 595.372
876, 324.618, 16, -36, 595.372
877, 322.886, 14, -36, 595.372
878, 324.618, 16, -36, 595.372
879, 324.618, 16, -36, 595.372
880, 324.618, 16, -36, 595.372
881, 324.618, 16, -36, 595.372
882, 324.618, 16, -36, 595.372
883, 324.618, 16, -36, 595.372
884, 324.618, 16, -36, 595.372
885, 324.618, 16, -36, 595.372
886, 324.618, 16, -36, 595.372
887, 324.618, 16, -36, 595.372
888, 324.618, 16, -36, 595.372
889, 324.618, 16, -36, 595.372
890, 322.886, 14, -36, 595.372
891, 324.618, 16, -36, 595.372
892, 324.618, 16, -36, 595.372
893, 323.879, 15, -36, 595.372
894, 324.618, 16, -36, 595.372
895, 323.879, 15, -36, 595.372
896, 324.618, 16, -36, 595.372
897, 324.607, 17, -36, 595.372
898, 324.618, 16, -36, 595.372
899, 324.618, 16, -36, 595.372
900, 324.618, 16, -36, 595.372
901, 325.607, 17, -37, 595.372
902, 326.294, 15, -37, 595.372
903, 329.444, 16, -37, 595.372
904, 330.459, 15, -36, 595.372
905, 330.444, 16, -36, 595.372
906, 330.444, 16, -36, 595.372
907, 333.916, 17, -37, 595.372
908, 333.911, 17, -37, 595.372
909, 335.247, 17, -37, 595.372
910, 335.924, 16, -37, 595.372
911, 337.65, 17, -37, 595.372
912, 337.65, 17, -37, 595.372
913, 337.65, 17, -37, 595.372
914, 336.905, 16, -37, 595.372
915, 336.905, 16, -37, 595.372
916, 336.905, 16, -37, 595.372
917, 337.65, 17, -37, 595.372
918, 337.65, 17, -37, 595.372
919, 337.65, 17, -37, 595.372
920, 338.407, 17, -37, 595.372
921, 337.65, 17, -37, 595.372
922, 337.65, 17, -37, 595.372
923, 337.65, 17, -37, 595.372
924, 338.567, 18, -38, 595.372
925, 340.308, 20, -38, 595.372
926, 342.056, 19, -38, 595.372
927, 342.056, 19, -38, 595.372
928, 343.433, 18, -37, 595.372
929, 345.912, 19, -39, 595.372
930, 346.829, 20, -40, 595.372
931, 348.3, 20, -40, 595.372
932, 350.949, 20, -39, 595.372
933, 350.292, 20, -40, 595.372
934, 351.616, 20, -40, 595.372
935, 351.616, 20, -40, 595.372
936, 351.616, 20, -40, 595.372
937, 351.616, 20, -40, 595.372
938, 352.616, 20, -41, 595.372
939, 351.616, 20, -40, 595.372
940, 352.73, 20, -42, 595.372
941, 352.616, 20, -41, 595.372
942, 351.802, 19, -41, 595.372
943, 350.959, 20, -41, 595.372
944, 350.434, 22, -41, 595.372
945, 344.502, 18, -39, 595.372
946, 344.045, 19, -40, 595.372
947, 341.056, 19, -39, 595.372
948, 340.402, 18, -38, 595.372
949, 340.402, 18, -38, 595.372
950, 341.068, 18, -39, 595.372
951, 344.801, 19, -40, 595.372
952, 343.491, 19, -38, 595.372
953, 344.498, 20, -38, 595.372
954, 351.73, 20, -41, 595.372
955, 352.73, 20, -42, 595.372
956, 352.73, 20, -42, 595.372
957, 352.73, 20, -42, 595.372
958, 352.73, 20, -42, 595.372
959, 352.73, 20, -42, 595.372
960, 355.165, 20, -41, 595.372
961, 355.918, 21, -41, 595.372
962, 355.918, 21, -41, 595.372
963, 358.578, 22, -43, 595.372
964, 359.575, 21, -43, 595.372
965, 360.263, 21, -42, 595.372
966, 361.798, 21, -43, 595.372
967, 361.779, 19, -43, 595.372
968, 363.092, 20, -41, 595.372
969, 363.092, 20, -41, 595.372
970, 363.805, 20, -42, 595.372
971, 363.805, 20, -42, 595.372
972, 363.805, 20, -42, 595.372
973, 362.434, 20, -42, 595.372
974, 363.894, 20, -43, 595.372
975, 363.434, 20, -43, 595.372
976, 364.092, 20, -42, 595.372
977, 363.805, 20, -42, 595.372
978, 363.805, 20, -42, 595.372
979, 363.092, 20, -41, 595.372
980, 363.092, 20, -41, 595.372
981, 362.434, 20, -42, 595.372
982, 363.092, 20, -41, 595.372
983, 363.092, 20, -41, 595.372
984, 363.092, 20, -41, 595.372
985, 363.805, 20, -42, 595.372
986, 363.805, 20, -42, 595.372
987, 362.434, 20, -42, 595.372
988, 363.08, 21, -42, 595.372
989, 362.434, 20, -42, 595.372
990, 361.798, 21, -43, 595.372
991, 361.798, 21, -43, 595.372
992, 361.798, 21, -43, 595.372
993, 361.096, 22, -43, 595.372
994, 361.798, 21, -43, 595.372
995, 361.82, 22, -44, 595.372
996, 359.665, 21, -44, 595.372
997, 359.665, 21, -44, 595.372
998, 360.319, 22, -43, 595.372
999, 355.165, 20, -41, 595.372
1000, 356.91, 22, -41, 595.372
1001, 354.431, 22, -42, 595.372
1002, 350.358, 20, -42, 595.372
1003, 351.348, 21, -43, 595.372
1004, 353.741, 19, -41, 595.372
1005, 358.578, 22, -43, 595.372
1006, 358.578, 22, -43, 595.372
1007, 360.263, 21, -42, 595.372
1008, 367.639, 22, -43, 595.372
1009, 368.308, 22, -44, 595.372
1010, 368.308, 22, -44, 595.372
1011, 371.045, 22, -45, 595.372
1012, 371.045, 22, -45, 595.372
1013, 371.045, 22, -45, 595.372
1014, 373.417, 21, -47, 595.372
1015, 374.41, 22, -47, 595.372
1016, 374.41, 22, -47, 595.372
1017, 375.098, 22, -46, 595.372
1018, 375.17, 23, -47, 595.372
1019, 375.859, 23, -46, 595.372
1020, 375.912, 24, -47, 595.372
1021, 377.601, 24, -47, 595.372
1022, 377.859, 23, -46, 595.372
1023, 378.601, 24, -46, 595.372
1024, 379.326, 23, -46, 595.372
1025, 378.601, 24, -46, 595.372
1026, 378.601, 24, -46, 595.372
1027, 379.326, 23, -46, 595.372
1028, 379.326, 23, -46, 595.372
1029, 378.601, 24, -46, 595.372
1030, 379.326, 23, -46, 595.372
1031, 379.326, 23, -46, 595.372
1032, 378.601, 24, -46, 595.372
1033, 378.601, 24, -46, 595.372
1034, 378.601, 24, -46, 595.372
1035, 378.601, 24, -46, 595.372
1036, 379.326, 23, -46, 595.372
1037, 379.326, 23, -46, 595.372
1038, 379.326, 23, -46, 595.372
1039, 379.976, 23, -45, 595.372
1040, 383.347, 22, -46, 595.372
1041, 385.79, 23, -48, 595.372
1042, 385.215, 23, -48, 595.372
1043, 385.79, 23, -48, 595.372
1044, 385.917, 23, -49, 595.372
1045, 387.425, 25, -49, 595.372
1046, 390.415, 26, -49, 595.372
1047, 391.791, 25, -50, 595.372
1048, 391.791, 25, -50, 595.372
1049, 391.791, 25, -50, 595.372
1050, 392.787, 24, -50, 595.372
1051, 392.787, 24, -50, 595.372
1052, 392.787, 24, -50, 595.372
1053, 394.224, 25, -49, 595.372
1054, 395.948, 24, -50, 595.372
1055, 395.948, 24, -50, 595.372
1056, 396.939, 25, -50, 595.372
1057, 396.939, 25, -50, 595.372
1058, 396.939, 25, -50, 595.372
1059, 396.939, 25, -50, 595.372
1060, 396.939, 25, -50, 595.372
1061, 395.27, 24, -51, 595.372
1062, 397.603, 25, -51, 595.372
1063, 396.261, 25, -51, 595.372
1064, 396.261, 25, -51, 595.372
1065, 398.603, 25, -52, 595.372
1066, 397.603, 25, -51, 595.372
1067, 399.371, 26, -52, 595.372
1068, 401.84, 26, -53, 595.372
1069, 401.84, 26, -53, 595.372
1070, 401.482, 26, -51, 595.372
1071, 403.482, 26, -51, 595.372
1072, 404.28, 26, -53, 595.372
1073, 404.28, 26, -53, 595.372
1074, 406.265, 26, -53, 595.372
1075, 407.018, 27, -53, 595.372
1076, 407.018, 27, -53, 595.372
1077, 407.018, 27, -53, 595.372
1078, 407.018, 27, -53, 595.372
1079, 406.914, 27, -52, 595.372
1080, 407.018, 27, -53, 595.372
1081, 407.018, 27, -53, 595.372
1082, 407.018, 27, -53, 595.372
1083, 407.018, 27, -53, 595.372
1084, 407.018, 27, -53, 595.372
1085, 407.018, 27, -53, 595.372
1086, 407.018, 27, -53, 595.372
1087, 407.018, 27, -53, 595.372
1088, 407.018, 27, -53, 595.372
1089, 407.018, 27, -53, 595.372
1090, 407.018, 27, -53, 595.372
1091, 407.018, 27, -53, 595.372
1092, 407.018, 27, -53, 595.372
1093, 407.018, 27, -53, 595.372
1094, 407.018, 27, -53, 595.372
1095, 410.15, 27, -55, 595.372
1096, 410.15, 27, -55, 595.372
1097, 411.908, 29, -55, 595.372
1098, 411.908, 29, -55, 595.372
1099, 415.401, 29, -55, 595.372
1100, 415.531, 28, -57, 595.372
1101, 417.184, 28, -57, 595.372
1102, 417.184, 28, -57, 595.372
1103, 417.197, 29, -57, 595.372
1104, 418.606, 28, -56, 595.372
1105, 419.606, 28, -57, 595.372
1106, 421.369, 30, -57, 595.372
1107, 421.353, 30, -57, 595.372
1108, 421.34, 29, -57, 595.372
1109, 422.126, 31, -57, 595.372
1110, 421.997, 30, -56, 595.372
1111, 421.353, 30, -57, 595.372
1112, 421.34, 29, -57, 595.372
1113, 421.353, 30, -57, 595.372
1114, 421.997, 30, -56, 595.372
1115, 421.353, 30, -57, 595.372
1116, 421.997, 30, -56, 595.372
1117, 421.353, 30, -57, 595.372
1118, 422.114, 30, -57, 595.372
1119, 424.402, 30, -58, 595.372
1120, 426.085, 30, -60, 595.372
1121, 435.255, 28, -67, 595.372
1122, 435.986, 27, -67, 595.372
1123, 439.254, 28, -68, 595.372
1124, 440.892, 29, -69, 595.372
1125, 441.157, 29, -70, 595.372
1126, 495.363, 232, 371, 595.372
1127, 444.62, 28, -71, 595.372
1128, 444.768, 28, -72, 595.372
1129, 444.62, 28, -71, 595.372
1130, 444.768, 28, -72, 595.372
1131, 444.62, 28, -71, 595.372
1132, 495.363, 232, 371, 595.372
1133, 443.147, 30, -71, 595.372
1134, 442.184, 31, -71, 595.372
1135, 440.919, 31, -69, 595.372
1136, 440.543, 31, -69, 595.372
1137, 435.021, 29, -69, 595.372
1138, 435.704, 29, -70, 595.372
1139, 432.969, 30, -70, 595.372
1140, 430.142, 30, -68, 595.372
1141, 430.916, 31, -68, 595.372
1142, 430.794, 30, -69, 595.372
1143, 436.694, 30, -70, 595.372
1144, 440.696, 29, -71, 595.372
1145, 442.386, 29, -71, 595.372
1146, 444.295, 30, -71, 595.372
1147, 446.61, 29, -70, 595.372
1148, 447.405, 29, -72, 595.372
1149, 450.944, 31, -74, 595.372
1150, 497.276, 235, 370, 595.372
1151, 451.908, 30, -74, 595.372
1152, 451.908, 30, -74, 595.372
1153, 451.908, 30, -74, 595.372
1154, 497.904, 235, 371, 595.372
1155, 452.535, 30, -73, 595.372
1156, 453.524, 31, -73, 595.372
1157, 454.271, 30, -73, 595.372
1158, 455.933, 32, -75, 595.372
1159, 499.719, 238, 371, 595.372
1160, 454.524, 31, -74, 595.372
1161, 500.399, 238, 372, 595.372
1162, 499.719, 238, 371, 595.372
1163, 499.719, 238, 371, 595.372
1164, 501.398, 238, 373, 595.372
1165, 501.398, 238, 373, 595.372
1166, 500.719, 238, 372, 595.372
1167, 499.719, 238, 371, 595.372
1168, 499.719, 238, 371, 595.372
1169, 499.719, 238, 371, 595.372
1170, 499.719, 238, 371, 595.372
1171, 499.719, 238, 371, 595.372
1172, 500.719, 238, 372, 595.372
1173, 500.719, 238, 372, 595.372
1174, 500.719, 238, 372, 595.372
1175, 500.719, 238, 372, 595.372
1176, 499.719, 238, 371, 595.372
1177, 500.719, 238, 372, 595.372
1178, 500.719, 238, 372, 595.372
1179, 499.719, 238, 371, 595.372
1180, 499.719, 238, 371, 595.372
1181, 499.719, 238, 371, 595.372
1182, 499.719, 238, 371, 595.372
1183, 499.719, 238, 371, 595.372
1184, 452.927, 33, -74, 595.372
1185, 449.655, 31, -74, 595.372
1186, 450.435, 32, -74, 595.372
1187, 449.073, 30, -74, 595.372
1188, 444.371, 32, -73, 595.372
1189, 443.745, 32, -74, 595.372
1190, 494.832, 235, 369, 595.372
1191, 495.4, 236, 369, 595.372
1192, 449.655, 31, -74, 595.372
1193, 497.039, 237, 370, 595.372
1194, 499.719, 238, 371, 595.372
1195, 499.719, 238, 371, 595.372
1196, 499.719, 238, 371, 595.372
1197, 500.719, 238, 372, 595.372
1198, 500.719, 238, 372, 595.372
1199, 500.719, 238, 372, 595.372
1200, 500.719, 238, 372, 595.372
1201, 500.719, 238, 372, 595.372
1202, 500.719, 238, 372, 595.372
1203, 499.719, 238, 371, 595.372
1204, 499.719, 238, 371, 595.372
1205, 497.276, 235, 370, 595.372
1206, 497.114, 234, 371, 595.372
1207, 446.643, 31, -70, 595.372
1208, 445.876, 30, -70, 595.372
1209, 494.629, 233, 371, 595.372
1210, 440.543, 31, -69, 595.372
1211, 438.738, 29, -68, 595.372
1212, 436.113, 28, -68, 595.372
1213, 425.201, 33, -60, 595.372
1214, 421.437, 31, -58, 595.372
1215, 420.674, 30, -58, 595.372
1216, 419.939, 31, -58, 595.372
1217, 420.674, 30, -58, 595.372
1218, 420.674, 30, -58, 595.372
1219, 420.674, 30, -58, 595.372
1220, 420.674, 30, -58, 595.372
1221, 418.939, 31, -57, 595.372
1222, 416.54, 29, -56, 595.372
1223, 414.803, 30, -56, 595.372
1224, 413.803, 30, -57, 595.372
1225, 413.803, 30, -57, 595.372
1226, 411.9, 29, -55, 595.372
1227, 411.142, 28, -55, 595.372
1228, 410.15, 27, -55, 595.372
1229, 410.15, 27, -55, 595.372
1230, 410.15, 27, -55, 595.372
1231, 410.15, 27, -55, 595.372
1232, 410.15, 27, -55, 595.372
1233, 410.15, 27, -55, 595.372
1234, 410.15, 27, -55, 595.372
1235, 410.15, 27, -55, 595.372
1236, 410.15, 27, -55, 595.372
1237, 410.15, 27, -55, 595.372
1238, 410.15, 27, -55, 595.372
1239, 410.15, 27, -55, 595.372
1240, 410.15, 27, -55, 595.372
1241, 408.499, 27, -53, 595.372
1242, 408.018, 27, -54, 595.372
1243, 406.376, 27, -54, 595.372
1244, 406.376, 27, -54, 595.372
1245, 404.691, 28, -53, 595.372
1246, 404.013, 28, -54, 595.372
1247, 399.412, 27, -53, 595.372
1248, 398.001, 26, -52, 595.372
1249, 397.279, 27, -52, 595.372
1250, 392.539, 26, -50, 595.372
1251, 390.128, 25, -50, 595.372
1252, 388.368, 24, -49, 595.372
1253, 386.665, 24, -49, 595.372
1254, 383.854, 24, -51, 595.372
1255, 381.362, 24, -47, 595.372
1256, 383.025, 24, -49, 595.372
1257, 380.367, 25, -47, 595.372
1258, 378.625, 23, -47, 595.372
1259, 379.374, 24, -47, 595.372
1260, 378.625, 23, -47, 595.372
1261, 376.912, 24, -48, 595.372
1262, 376.152, 23, -48, 595.372
1263, 375.152, 23, -47, 595.372
1264, 374.49, 23, -46, 595.372
1265, 371.747, 21, -45, 595.372
1266, 371.752, 22, -46, 595.372
1267, 370.05, 23, -45, 595.372
1268, 370.752, 22, -45, 595.372
1269, 370.05, 23, -45, 595.372
1270, 369.05, 23, -44, 595.372
1271, 368.325, 24, -44, 595.372
1272, 367.664, 24, -43, 595.372
1273, 364.449, 22, -43, 595.372
1274, 362.79, 22, -43, 595.372
1275, 363.79, 22, -44, 595.372
1276, 362.79, 22, -43, 595.372
1277, 363.359, 22, -41, 595.372
1278, 363.449, 22, -42, 595.372
1279, 362.79, 22, -43, 595.372
1280, 364.449, 22, -43, 595.372
1281, 363.503, 22, -44, 595.372
1282, 361.11, 21, -44, 595.372
1283, 361.02, 21, -43, 595.372
1284, 360.023, 22, -43, 595.372
1285, 360.023, 22, -43, 595.372
1286, 359.322, 23, -43, 595.372
1287, 358.322, 23, -42, 595.372
1288, 357.662, 23, -41, 595.372
1289, 357.662, 23, -41, 595.372
1290, 358.322, 23, -42, 595.372
1291, 356.91, 22, -41, 595.372
1292, 356.798, 22, -40, 595.372
1293, 357.662, 23, -41, 595.372
1294, 356.91, 22, -41, 595.372
1295, 356.798, 22, -40, 595.372
1296, 356.798, 22, -40, 595.372
1297, 356.91, 22, -41, 595.372
1298, 356.798, 22, -40, 595.372
1299, 356.798, 22, -40, 595.372
1300, 356.798, 22, -40, 595.372
1301, 356.798, 22, -40, 595.372
1302, 356.798, 22, -40, 595.372
1303, 356.91, 22, -41, 595.372
1304, 355.05, 20, -40, 595.372
1305, 354.05, 20, -41, 595.372
1306, 350.58, 20, -39, 595.372
1307, 349.226, 22, -39, 595.372
1308, 347.569, 22, -39, 595.372
1309, 346.882, 22, -40, 595.372
1310, 344.133, 20, -39, 595.372
1311, 342.751, 20, -37, 595.372
1312, 341.062, 21, -38, 595.372
1313, 337.584, 22, -37, 595.372
1314, 334.523, 20, -37, 595.372
1315, 334.523, 20, -37, 595.372
1316, 332.159, 21, -37, 595.372
1317, 328.508, 18, -38, 595.372
1318, 326.76, 19, -36, 595.372
1319, 325.286, 19, -36, 595.372
1320, 322.449, 18, -35, 595.372
1321, 322.226, 18, -36, 595.372
1322, 323.21, 18, -37, 595.372
1323, 323.875, 18, -36, 595.372
1324, 325.337, 19, -36, 595.372
1325, 326.337, 19, -37, 595.372
1326, 331.487, 19, -37, 595.372
1327, 331.404, 20, -37, 595.372
1328, 332.173, 19, -36, 595.372
1329, 331.487, 19, -37, 595.372
1330, 331.404, 20, -37, 595.372
1331, 328.496, 19, -38, 595.372
1332, 328.496, 19, -38, 595.372
1333, 327.76, 19, -37, 595.372
1334, 327.013, 18, -37, 595.372
1335, 326.931, 19, -37, 595.372
1336, 324.508, 19, -36, 595.372
1337, 324.508, 19, -36, 595.372
1338, 324.508, 19, -36, 595.372
1339, 324.508, 19, -36, 595.372
1340, 324.508, 19, -36, 595.372
1341, 324.411, 19, -35, 595.372
1342, 324.494, 18, -35, 595.372
1343, 324.508, 19, -36, 595.372
1344, 323.411, 19, -34, 595.372
1345, 324.411, 19, -35, 595.372
1346, 323.439, 18, -33, 595.372
1347, 324.508, 19, -36, 595.372
1348, 323.607, 18, -35, 595.372
1349, 324.411, 19, -35, 595.372
1350, 324.508, 19, -36, 595.372
1351, 324.506, 17, -35, 595.372
1352, 324.494, 18, -35, 595.372
1353, 324.494, 18, -35, 595.372
1354, 324.34, 19, -34, 595.372
1355, 322.711, 19, -33, 595.372
1356, 321.382, 19, -33, 595.372
1357, 321.046, 19, -33, 595.372
1358, 319.384, 20, -32, 595.372
1359, 319.396, 19, -32, 595.372
1360, 318.388, 19, -32, 595.372
1361, 308.33, 9, -28, 595.372
1362, 308.346, 8, -28, 595.372
1363, 307.684, 9, -28, 595.372
1364, 304.298, 8, -29, 595.372
1365, 303.548, 8, -28, 595.372
1366, 301.836, 7, -28, 595.372
1367, 300.112, 9, -27, 595.372
1368, 299.375, 8, -27, 595.372
1369, 297.351, 7, -28, 595.372
1370, 296.351, 7, -27, 595.372
1371, 297.338, 8, -28, 595.372
1372, 290.399, 6, -21, 595.372
1373, 296.351, 7, -27, 595.372
1374, 287.719, 5, -23, 595.372
1375, 288.403, 5, -22, 595.372
1376, 289.403, 5, -21, 595.372
1377, 290.399, 6, -21, 595.372
1378, 290.399, 6, -21, 595.372
1379, 290.399, 6, -21, 595.372
1380, 288.718, 5, -22, 595.372
1381, 288.403, 5, -22, 595.372
1382, 289.403, 5, -21, 595.372
1383, 287.719, 5, -23, 595.372
1384, 287.719, 5, -23, 595.372
1385, 287.719, 5, -23, 595.372
1386, 287.719, 5, -23, 595.372
1387, 286.72, 6, -23, 595.372
1388, 285.254, 6, -23, 595.372
1389, 285.254, 6, -23, 595.372
1390, 285.254, 6, -23, 595.372
1391, 284.565, 5, -23, 595.372
1392, 283.589, 5, -22, 595.372
1393, 283.589, 5, -22, 595.372
1394, 282.944, 6, -22, 595.372
1395, 282.944, 6, -22, 595.372
1396, 282.944, 6, -22, 595.372
1397, 282.944, 6, -22, 595.372
1398, 282.944, 6, -22, 595.372
1399, 282.179, 6, -21, 595.372
1400, 281.946, 6, -21, 595.372
1401, 281.181, 6, -20, 595.372
1402, 280.506, 6, -21, 595.372
1403, 280.506, 6, -21, 595.372
1404, 279.781, 6, -20, 595.372
1405, 279.781, 6, -20, 595.372
1406, 280.506, 6, -21, 595.372
1407, 279.781, 6, -20, 595.372
1408, 278.785, 5, -20, 595.372
1409, 278.785, 5, -20, 595.372
1410, 279.781, 6, -20, 595.372
1411, 278.097, 4, -20, 595.372
1412, 278.785, 5, -20, 595.372
1413, 278.785, 5, -20, 595.372
1414, 279.093, 5, -20, 595.372
1415, 278.785, 5, -20, 595.372
1416, 278.785, 5, -20, 595.372
1417, 278.097, 4, -20, 595.372
1418, 279.781, 6, -20, 595.372
1419, 278.785, 5, -20, 595.372
1420, 278.785, 5, -20, 595.372
1421, 278.097, 4, -20, 595.372
1422, 278.097, 4, -20, 595.372
1423, 278.835, 4, -21, 595.372
1424, 278.785, 5, -20, 595.372
1425, 278.785, 5, -20, 595.372
1426, 278.097, 4, -20, 595.372
1427, 278.785, 5, -20, 595.372
1428, 278.785, 5, -20, 595.372
1429, 278.785, 5, -20, 595.372
1430, 278.097, 4, -20, 595.372
1431, 278.785, 5, -20, 595.372
1432, 279.781, 6, -20, 595.372
1433, 278.785, 5, -20, 595.372
1434, 278.785, 5, -20, 595.372
1435, 278.785, 5, -20, 595.372
1436, 278.097, 4, -20, 595.372
1437, 278.097, 4, -20, 595.372
1438, 278.785, 5, -20, 595.372
1439, 278.785, 5, -20, 595.372
1440, 278.785, 5, -20, 595.372
1441, 278.097, 4, -20, 595.372
1442, 277.358, 3, -20, 595.372
1443, 277.358, 3, -20, 595.372
1444, 277.358, 3, -20, 595.372
1445, 277.358, 3, -20, 595.372
1446, 276.36, 4, -20, 595.372
1447, 275.361, 4, -21, 595.372
1448, 275.361, 4, -21, 595.372
1449, 274.677, 4, -22, 595.372
1450, 273.304, 6, -22, 595.372
1451, 274.034, 5, -22, 595.372
1452, 274.677, 4, -22, 595.372
1453, 271.634, 4, -22, 595.372
1454, 271.634, 4, -22, 595.372
1455, 271.554, 4, -21, 595.372
1456, 270.787, 4, -20, 595.372
1457, 269.374, 3, -21, 595.372
1458, 269.374, 3, -21, 595.372
1459, 268.376, 4, -21, 595.372
1460, 268.291, 3, -20, 595.372
1461, 267.621, 4, -20, 595.372
1462, 266.621, 4, -21, 595.372
1463, 264.211, 3, -19, 595.372
1464, 263.213, 2, -19, 595.372
1465, 261.51, 2, -17, 595.372
1466, 262.253, 2, -18, 595.372
1467, 261.51, 2, -17, 595.372
1468, 262.253, 2, -18, 595.372
1469, 261.46, 2, -16, 595.372
1470, 262.253, 2, -18, 595.372
1471, 262.195, 1, -17, 595.372
1472, 261.48, 2, -17, 595.372
1473, 261.51, 2, -17, 595.372
1474, 262.195, 1, -17, 595.372
1475, 260.745, 3, -16, 595.372
1476, 261.51, 2, -17, 595.372
1477, 262.145, 1, -16, 595.372
1478, 261.46, 2, -16, 595.372
1479, 261.43, 2, -16, 595.372
1480, 261.43, 2, -16, 595.372
1481, 260.745, 3, -16, 595.372
1482, 259.319, 2, -17, 595.372
1483, 259.319, 2, -17, 595.372
1484, 257.59, 3, -16, 595.372
1485, 257.59, 3, -16, 595.372
1486, 256.246, 2, -17, 595.372
1487, 256.932, 2, -16, 595.372
1488, 255.249, 1, -17, 595.372
1489, 255.249, 1, -17, 595.372
1490, 255.249, 1, -17, 595.372
1491, 255.249, 1, -17, 595.372
1492, 255.249, 1, -17, 595.372
1493, 255.249, 1, -17, 595.372
1494, 255.249, 1, -17, 595.372
1495, 255.249, 1, -17, 595.372
1496, 255.249, 1, -17, 595.372
1497, 255.249, 1, -17, 595.372
1498, 255.249, 1, -17, 595.372
1499, 255.249, 1, -17, 595.372
1500, 255.249, 1, -17, 595.372
1501, 255.249, 1, -17, 595.372
1502, 255.249, 1, -17, 595.372
1503, 255.249, 1, -17, 595.372
1504, 255.249, 1, -17, 595.372
1505, 255.249, 1, -17, 595.372
1506, 255.249, 1, -17, 595.372
1507, 255.249, 1, -17, 595.372
1508, 255.249, 1, -17, 595.372
1509, 255.249, 1, -17, 595.372
1510, 255.249, 1, -17, 595.372
1511, 255.249, 1, -17, 595.372
1512, 254.249, 1, -18, 595.372
1513, 255.249, 1, -17, 595.372
1514, 255.249, 1, -17, 595.372
1515, 255.249, 1, -17, 595.372
1516, 255.249, 1, -17, 595.372
1517, 255.249, 1, -17, 595.372
1518, 255.249, 1, -17, 595.372
1519, 255.249, 1, -17, 595.372
1520, 255.249, 1, -17, 595.372
1521, 255.249, 1, -17, 595.372
1522, 255.249, 1, -17, 595.372
1523, 255.249, 1, -17, 595.372
1524, 255.249, 1, -17, 595.372
1525, 255.249, 1, -17, 595.372
1526, 255.249, 1, -17, 595.372
1527, 255.249, 1, -17, 595.372
1528, 254.249, 1, -18, 595.372
1529, 253.521, 0, -18, 595.372
1530, 252.768, 0, -17, 595.372
1531, 252.806, 1, -18, 595.372
1532, 247.686, 0, -15, 595.372
1533, 247.717, 1, -16, 595.372
1534, 246.289, 1, -16, 595.372
1535, 245.604, 1, -17, 595.372
1536, 245.604, 1, -17, 595.372
1537, 245.604, 1, -17, 595.372
1538, 244.605, 1, -18, 595.372
1539, 244.605, 1, -18, 595.372
1540, 244.605, 1, -18, 595.372
1541, 244.605, 1, -18, 595.372
1542, 243.876, 0, -18, 595.372
1543, 243.876, 0, -18, 595.372
1544, 243.876, 0, -18, 595.372
1545, 243.876, 0, -18, 595.372
1546, 242.878, -1, -18, 595.372
1547, 242.878, -1, -18, 595.372
1548, 243.876, 0, -18, 595.372
1549, 242.878, -1, -18, 595.372
1550, 241.879, 0, -18, 595.372
1551, 241.879, 0, -18, 595.372
1552, 241.879, 0, -18, 595.372
1553, 241.879, 0, -18, 595.372
1554, 241.879, 0, -18, 595.372
1555, 241.879, 0, -18, 595.372
1556, 241.879, 0, -18, 595.372
1557, 241.879, 0, -18, 595.372
1558, 241.879, 0, -18, 595.372
1559, 241.879, 0, -18, 595.372
1560, 241.879, 0, -18, 595.372
1561, 241.879, 0, -18, 595.372
1562, 241.879, 0, -18, 595.372
1563, 241.879, 0, -18, 595.372
1564, 241.879, 0, -18, 595.372
1565, 241.879, 0, -18, 595.372
1566, 240.953, 0, -17, 595.372
1567, 240.523, 0, -18, 595.372
1568, 241.163, 1, -18, 595.372
1569, 241.163, 1, -18, 595.372
1570, 240.237, 1, -17, 595.372
1571, 240.523, 0, -18, 595.372
1572, 240.237, 1, -17, 595.372
1573, 240.237, 1, -17, 595.372
1574, 240.523, 0, -18, 595.372
1575, 240.523, 0, -18, 595.372
1576, 239.597, 0, -17, 595.372
1577, 239.597, 0, -17, 595.372
1578, 240.523, 0, -18, 595.372
1579, 239.597, 0, -17, 595.372
1580, 239.597, 0, -17, 595.372
1581, 240.523, 0, -18, 595.372
1582, 238.827, 0, -16, 595.372
1583, 239.754, 0, -17, 595.372
1584, 239.597, 0, -17, 595.372
1585, 240.523, 0, -18, 595.372
1586, 240.523, 0, -18, 595.372
1587, 240.523, 0, -18, 595.372
1588, 239.597, 0, -17, 595.372
1589, 240.523, 0, -18, 595.372
1590, 239.597, 0, -17, 595.372
1591, 240.523, 0, -18, 595.372
1592, 239.597, 0, -17, 595.372
1593, 240.408, 1, -17, 595.372
1594, 240.523, 0, -18, 595.372
1595, 239.597, 0, -17, 595.372
1596, 241.163, 1, -18, 595.372
1597, 239.541, 0, -16, 595.372
1598, 241.163, 1, -18, 595.372
1599, 240.469, -1, -17, 595.372
1600, 240.523, 0, -18, 595.372
1601, 240.523, 0, -18, 595.372
1602, 239.754, 0, -17, 595.372
1603, 240.523, 0, -18, 595.372
1604, 238.827, 0, -16, 595.372
1605, 238.772, 0, -15, 595.372
1606, 239.597, 0, -17, 595.372
1607, 238.827, 0, -16, 595.372
1608, 238.827, 0, -16, 595.372
1609, 238.827, 0, -16, 595.372
1610, 237.091, 1, -14, 595.372
1611, 237.091, 1, -14, 595.372
1612, 236.36, 1, -13, 595.372
1613, 236.238, -1, -13, 595.372
1614, 235.646, 0, -13, 595.372
1615, 236.238, -1, -13, 595.372
1616, 235.239, -2, -13, 595.372
1617, 235.239, -2, -13, 595.372
1618, 235.239, -2, -13, 595.372
1619, 235.239, -2, -13, 595.372
1620, 235.239, -2, -13, 595.372
1621, 235.239, -2, -13, 595.372
1622, 235.239, -2, -13, 595.372
1623, 235.239, -2, -13, 595.372
1624, 235.239, -2, -13, 595.372
1625, 235.239, -2, -13, 595.372
1626, 235.239, -2, -13, 595.372
1627, 235.239, -2, -13, 595.372
1628, 235.239, -2, -13, 595.372
1629, 234.541, -2, -14, 595.372
1630, 235.239, -2, -13, 595.372
1631, 235.299, -3, -13, 595.372
1632, 235.239, -2, -13, 595.372
1633, 235.239, -2, -13, 595.372
1634, 235.239, -2, -13, 595.372
1635, 235.239, -2, -13, 595.372
1636, 235.239, -2, -13, 595.372
1637, 235.239, -2, -13, 595.372
1638, 235.239, -2, -13, 595.372
1639, 235.239, -2, -13, 595.372
1640, 235.239, -2, -13, 595.372
1641, 235.239, -2, -13, 595.372
1642, 235.239, -2, -13, 595.372
1643, 235.239, -2, -13, 595.372
1644, 235.239, -2, -13, 595.372
1645, 235.239, -2, -13, 595.372
1646, 235.239, -2, -13, 595.372
1647, 235.239, -2, -13, 595.372
1648, 235.239, -2, -13, 595.372
1649, 235.239, -2, -13, 595.372
1650, 235.239, -2, -13, 595.372
1651, 235.239, -2, -13, 595.372
1652, 235.239, -2, -13, 595.372
1653, 235.239, -2, -13, 595.372
1654, 235.239, -2, -13, 595.372
1655, 235.239, -2, -13, 595.372
1656, 235.239, -2, -13, 595.372
1657, 235.239, -2, -13, 595.372
1658, 235.239, -2, -13, 595.372
1659, 234.541, -2, -14, 595.372
1660, 235.239, -2, -13, 595.372
1661, 234.541, -2, -14, 595.372
1662, 235.239, -2, -13, 595.372
1663, 235.239, -2, -13, 595.372
1664, 234.541, -2, -14, 595.372
1665, 235.239, -2, -13, 595.372
1666, 235.239, -2, -13, 595.372
1667, 235.239, -2, -13, 595.372
1668, 235.239, -2, -13, 595.372
1669, 235.239, -2, -13, 595.372
1670, 235.239, -2, -13, 595.372
1671, 235.239, -2, -13, 595.372
1672, 235.239, -2, -13, 595.372
1673, 235.239, -2, -13, 595.372
1674, 235.239, -2, -13, 595.372
1675, 234.541, -2, -14, 595.372
1676, 235.239, -2, -13, 595.372
1677, 235.239, -2, -13, 595.372
1678, 235.239, -2, -13, 595.372
1679, 235.239, -2, -13, 595.372
1680, 235.239, -2, -13, 595.372
1681, 235.239, -2, -13, 595.372
1682, 235.239, -2, -13, 595.372
1683, 235.239, -2, -13, 595.372
1684, 235.239, -2, -13, 595.372
1685, 235.239, -2, -13, 595.372
1686, 235.239, -2, -13, 595.372
1687, 235.239, -2, -13, 595.372
1688, 235.239, -2, -13, 595.372
1689, 235.239, -2, -13, 595.372
1690, 234.24, -2, -14, 595.372
1691, 235.239, -2, -13, 595.372
1692, 235.239, -2, -13, 595.372
1693, 235.239, -2, -13, 595.372
1694, 235.239, -2, -13, 595.372
1695, 235.239, -2, -13, 595.372
1696, 235.239, -2, -13, 595.372
1697, 234.541, -2, -14, 595.372
1698, 235.239, -2, -13, 595.372
1699, 235.239, -2, -13, 595.372
1700, 235.239, -2, -13, 595.372
1701, 235.239, -2, -13, 595.372
1702, 235.239, -2, -13, 595.372
1703, 235.239, -2, -13, 595.372
1704, 235.239, -2, -13, 595.372
1705, 235.239, -2, -13, 595.372
1706, 235.239, -2, -13, 595.372
1707, 235.239, -2, -13, 595.372
1708, 235.239, -2, -13, 595.372
1709, 235.239, -2, -13, 595.372
1710, 235.239, -2, -13, 595.372
1711, 235.239, -2, -13, 595.372
1712, 235.239, -2, -13, 595.372
1713, 235.239, -2, -13, 595.372
1714, 235.239, -2, -13, 595.372
1715, 235.239, -2, -13, 595.372
1716, 234.541, -2, -14, 595.372
1717, 235.239, -2, -13, 595.372
1718, 235.239, -2, -13, 595.372
1719, 235.239, -2, -13, 595.372
1720, 234.541, -2, -14, 595.372
1721, 234.541, -2, -14, 595.372
1722, 233.204, -3, -15, 595.372
1723, 233.204, -3, -15, 595.372
1724, 232.842, -2, -16, 595.372
1725, 228.782, -5, -15, 595.372
1726, 229.497, -4, -15, 595.372
1727, 228.72, -4, -15, 595.372
1728, 224.958, -3, -13, 595.372
1729, 224.958, -3, -13, 595.372
1730, 224.958, -3, -13, 595.372
1731, 228.782, -5, -15, 595.372
1732, 228.782, -5, -15, 595.372
1733, 229.497, -4, -15, 595.372
1734, 233.204, -3, -15, 595.372
1735, 234.54, -2, -14, 595.372
1736, 234.541, -2, -14, 595.372
1737, 235.299, -3, -13, 595.372
1738, 234.541, -2, -14, 595.372
1739, 235.239, -2, -13, 595.372
1740, 235.239, -2, -13, 595.372
1741, 235.239, -2, -13, 595.372
1742, 235.239, -2, -13, 595.372
1743, 235.239, -2, -13, 595.372
1744, 235.239, -2, -13, 595.372
1745, 235.239, -2, -13, 595.372
1746, 235.239, -2, -13, 595.372
1747, 235.239, -2, -13, 595.372
1748, 235.239, -2, -13, 595.372
1749, 235.239, -2, -13, 595.372
1750, 235.239, -2, -13, 595.372
1751, 235.239, -2, -13, 595.372
1752, 235.239, -2, -13, 595.372
1753, 235.239, -2, -13, 595.372
1754, 235.239, -2, -13, 595.372
1755, 235.938, -3, -13, 595.372
1756, 235.239, -2, -13, 595.372
1757, 235.239, -2, -13, 595.372
1758, 235.239, -2, -13, 595.372
1759, 235.239, -2, -13, 595.372
1760, 235.239, -2, -13, 595.372
1761, 235.239, -2, -13, 595.372
1762, 235.239, -2, -13, 595.372
1763, 235.239, -2, -13, 595.372
1764, 235.938, -3, -13, 595.372
1765, 235.239, -2, -13, 595.372
1766, 235.239, -2, -13, 595.372
1767, 235.239, -2, -13, 595.372
1768, 235.239, -2, -13, 595.372
1769, 235.239, -2, -13, 595.372
1770, 235.239, -2, -13, 595.372
1771, 235.299, -3, -13, 595.372
1772, 235.239, -2, -13, 595.372
1773, 235.239, -2, -13, 595.372
1774, 235.239, -2, -13, 595.372
1775, 235.239, -2, -13, 595.372
1776, 235.239, -2, -13, 595.372
1777, 235.239, -2, -13, 595.372
1778, 235.239, -2, -13, 595.372
1779, 235.239, -2, -13, 595.372
1780, 234.541, -2, -14, 595.372
1781, 235.239, -2, -13, 595.372
1782, 235.239, -2, -13, 595.372
1783, 235.239, -2, -13, 595.372
1784, 235.239, -2, -13, 595.372
1785, 235.239, -2, -13, 595.372
1786, 235.239, -2, -13, 595.372
1787, 235.239, -2, -13, 595.372
1788, 235.239, -2, -13, 595.372
1789, 235.239, -2, -13, 595.372
1790, 235.239, -2, -13, 595.372
1791, 235.239, -2, -13, 595.372
1792, 235.239, -2, -13, 595.372
1793, 235.239, -2, -13, 595.372
1794, 235.239, -2, -13, 595.372
1795, 235.239, -2, -13, 595.372
1796, 235.239, -2, -13, 595.372
1797, 235.239, -2, -13, 595.372
1798, 235.239, -2, -13, 595.372
1799, 235.239, -2, -13, 595.372
1800, 235.239, -2, -13, 595.372
1801, 235.239, -2, -13, 595.372
1802, 235.239, -2, -13, 595.372
1803, 235.239, -2, -13, 595.372
1804, 235.239, -2, -13, 595.372
1805, 235.239, -2, -13, 595.372
1806, 235.239, -2, -13, 595.372
1807, 235.239, -2, -13, 595.372
1808, 235.239, -2, -13, 595.372
1809, 235.239, -2, -13, 595.372
1810, 235.239, -2, -13, 595.372
1811, 235.239, -2, -13, 595.372
1812, 235.239, -2, -13, 595.372
1813, 235.239, -2, -13, 595.372
1814, 235.239, -2, -13, 595.372
1815, 235.239, -2, -13, 595.372
1816, 235.239, -2, -13, 595.372
1817, 235.239, -2, -13, 595.372
1818, 235.239, -2, -13, 595.372
1819, 235.239, -2, -13, 595.372
1820, 235.239, -2, -13, 595.372
1821, 235.239, -2, -13, 595.372
1822, 235.239, -2, -13, 595.372
1823, 235.239, -2, -13, 595.372
1824, 235.239, -2, -13, 595.372
1825, 235.239, -2, -13, 595.372
1826, 235.239, -2, -13, 595.372
1827, 235.239, -2, -13, 595.372
1828, 235.239, -2, -13, 595.372
1829, 235.239, -2, -13, 595.372
1830, 235.239, -2, -13, 595.372
1831, 235.239, -2, -13, 595.372
1832, 235.239, -2, -13, 595.372
1833, 235.239, -2, -13, 595.372
1834, 235.239, -2, -13, 595.372
1835, 235.239, -2, -13, 595.372
1836, 235.239, -2, -13, 595.372
1837, 235.239, -2, -13, 595.372
1838, 235.239, -2, -13, 595.372
1839, 235.239, -2, -13, 595.372
1840, 235.239, -2, -13, 595.372
1841, 235.239, -2, -13, 595.372
1842, 235.239, -2, -13, 595.372
1843, 235.239, -2, -13, 595.372
1844, 235.239, -2, -13, 595.372
1845, 235.239, -2, -13, 595.372
1846, 235.239, -2, -13, 595.372
1847, 235.239, -2, -13, 595.372
1848, 235.239, -2, -13, 595.372
1849, 235.239, -2, -13, 595.372
1850, 235.239, -2, -13, 595.372
1851, 235.239, -2, -13, 595.372
1852, 235.239, -2, -13, 595.372
1853, 235.239, -2, -13, 595.372
1854, 235.239, -2, -13, 595.372
1855, 235.239, -2, -13, 595.372
1856, 235.239, -2, -13, 595.372
1857, 235.239, -2, -13, 595.372
1858, 235.239, -2, -13, 595.372
1859, 235.239, -2, -13, 595.372
1860, 235.239, -2, -13, 595.372
1861, 235.239, -2, -13, 595.372
1862, 235.239, -2, -13, 595.372
1863, 235.239, -2, -13, 595.372
1864, 235.239, -2, -13, 595.372
1865, 235.239, -2, -13, 595.372
1866, 235.239, -2, -13, 595.372
1867, 234.541, -2, -14, 595.372
1868, 227.306, -3, -16, 595.372
1869, 214.202, -4, -16, 595.372
1870, 200.699, -3, -12, 595.372
1871, 184.592, -4, -11, 595.372
1872, 168.094, -3, -9, 595.372
1873, 148.95, -3, -6, 595.372
1874, 129.584, -3, -6, 595.372
1875, 106.739, -2, -4, 595.372
1876, 86.118, 1, -4, 595.372
1877, 60.763, 0, 2, 595.372
1878, 35.814, 1, 3, 595.372
1879, 19.469, 4, 4, 595.372
1880, 7.414, 3, 3, 595.372
1881, 5.414, 1, 3, 595.372
1882, 4.828, 2, 0, 595.372
1883, 3.414, 1, 1, 595.372
1884, 2.414, 0, 1, 595.372
1885, 1.0, 1, 0, 595.372
1886, 1.0, 1, 0, 595.372
1887, 1.0, 0, -1, 595.372
1888, 1.0, 0, -1, 595.372
1889, 2.0, 1, -1, 595.372
1890, 2.0, 1, -1, 595.372
1891, 2.0, 1, -1, 595.372
1892, 2.0, 1, -1, 595.372
1893, 1.0, 0, -1, 595.372
1894, 1.0, 0, -1, 595.372
1895, 2.0, 1, -1, 595.372
1896, 0.0, 0, 0, 595.372
1897, 0.0, 0, 0, 595.372
1898, 1.0, 0, -1, 595.372
1899, 4.414, 0, 1, 595.372
1900, 5.414, 0, 0, 595.372
1901, 3.414, 1, 1, 595.372
1902, 0.0, 0, 0, 595.372
1903, 1.0, 0, -1, 595.372
1904, 1.0, 0, -1, 595.372
1905, 1.0, 0, -1, 595.372
1906, 2.0, 1, -1, 595.372
1907, 1.0, 0, -1, 595.372
1908, 1.0, 0, -1, 595.372
1909, 2.0, 1, -1, 595.372
1910, 2.0, 1, -1, 595.372
1911, 2.0, 1, -1, 595.372
1912, 2.0, 1, -1, 595.372
1913, 2.0, 1, -1, 595.372
1914, 2.0, 1, -1, 595.372
1915, 2.0, 1, -1, 595.372
1916, 2.0, 1, -1, 595.372
1917, 2.0, 1, -1, 595.372
1918, 2.0, 1, -1, 595.372
1919, 2.0, 1, -1, 595.372
1920, 2.0, 1, -1, 595.372
1921, 2.0, 1, -1, 595.372
1922, 2.0, 1, -1, 595.372
1923, 2.0, 1, -1, 595.372
